1.85235e+006 869142 2.50071e+007 1.33228e+008 
1.95452e+006 1.32647e+006 1.74005e+007 1.38702e+008 
1.10025e+006 1.01042e+006 2.12818e+007 9.98152e+007 
1.3779e+006 1.06741e+006 1.69854e+007 9.90583e+007 
1.1393e+006 779315 3.14559e+007 1.15261e+008 
1.36248e+006 914345 2.86506e+007 1.2164e+008 
1.439e+006 1.16878e+006 3.39504e+007 1.10505e+008 
1.11788e+006 899266 1.67878e+007 1.30355e+008 
1.09474e+006 938350 1.33131e+007 1.24377e+008 
2.15229e+006 1.47812e+006 1.68883e+007 1.34931e+008 
2.3819e+006 1.66805e+006 1.65702e+007 1.37453e+008 
2.6464e+006 2.90468e+006 1.92986e+007 1.47379e+008 
2.4039e+006 3.19354e+006 1.71229e+007 1.44265e+008 
3.64941e+006 2.92758e+006 3.00354e+007 1.2382e+008 
3.76799e+006 2.8434e+006 3.0341e+007 1.21907e+008 
1.06819e+006 876250 2.17065e+007 1.27868e+008 
1.07645e+006 878786 1.65447e+007 1.3066e+008 
