0 109782 44143 8806 459 0 0 0 0 0 0 0 0 0 0 0 0 0 0 0 
0 80725 31603 6822 1295 42 0 0 0 0 0 0 0 0 0 0 0 0 0 0 
0 53279 20656 2912 753 133 0 0 0 0 0 0 0 0 0 0 0 0 0 0 
0 417872 157825 10906 1358 67 0 0 0 0 0 0 0 0 0 0 0 0 0 0 
0 411517 172920 36775 7016 154 0 0 0 0 0 0 0 0 0 0 0 0 0 0 
0 238809 103510 15845 4957 840 0 0 0 0 0 0 0 0 0 0 0 0 0 0 
0 375862 160848 22712 2557 160 0 0 0 0 0 0 0 0 0 0 0 0 0 0 
0 250902 117775 19689 3211 214 0 0 0 0 0 0 0 0 0 0 0 0 0 0 
0 268508 108571 6394 832 7 0 0 0 0 0 0 0 0 0 0 0 0 0 0 
0 236902 94961 6169 335 19 0 0 0 0 0 0 0 0 0 0 0 0 0 0 
0 205634 101310 7554 612 0 0 0 0 0 0 0 0 0 0 0 0 0 0 0 
0 128563 47578 989 0 0 0 0 0 0 0 0 0 0 0 0 0 0 0 0 
0 109782 44143 8806 459 0 0 0 0 0 0 0 0 0 0 0 0 0 0 0 
0 80725 31603 6822 1295 42 0 0 0 0 0 0 0 0 0 0 0 0 0 0 
0 53279 20656 2912 753 133 0 0 0 0 0 0 0 0 0 0 0 0 0 0 
0 417872 157825 10906 1358 67 0 0 0 0 0 0 0 0 0 0 0 0 0 0 
0 411517 172920 36775 7016 154 0 0 0 0 0 0 0 0 0 0 0 0 0 0 
0 238809 103510 15845 4957 840 0 0 0 0 0 0 0 0 0 0 0 0 0 0 
0 375862 160848 22712 2557 160 0 0 0 0 0 0 0 0 0 0 0 0 0 0 
0 250902 117775 19689 3211 214 0 0 0 0 0 0 0 0 0 0 0 0 0 0 
0 268508 108571 6394 832 7 0 0 0 0 0 0 0 0 0 0 0 0 0 0 
0 236902 94961 6169 335 19 0 0 0 0 0 0 0 0 0 0 0 0 0 0 
0 205634 101310 7554 612 0 0 0 0 0 0 0 0 0 0 0 0 0 0 0 
0 128563 47578 989 0 0 0 0 0 0 0 0 0 0 0 0 0 0 0 0 
0 0 0 0 0 0 0 0 0 0 0 0 0 0 0 0 0 0 0 0 
0 0 0 0 0 0 0 0 0 0 0 0 0 0 0 0 0 0 0 0 
0 0 0 0 0 0 0 0 0 0 0 0 0 0 0 0 0 0 0 0 
0 0 0 0 0 0 0 0 0 0 0 0 0 0 0 0 0 0 0 0 
0 0 0 0 0 0 0 0 0 0 0 0 0 0 0 0 0 0 0 0 
0 0 0 0 0 0 0 0 0 0 0 0 0 0 0 0 0 0 0 0 
0 0 0 0 0 0 0 0 0 0 0 0 0 0 0 0 0 0 0 0 
0 0 0 0 0 0 0 0 0 0 0 0 0 0 0 0 0 0 0 0 
0 0 0 0 0 0 0 0 0 0 0 0 0 0 0 0 0 0 0 0 
0 0 0 0 0 0 0 0 0 0 0 0 0 0 0 0 0 0 0 0 
0 0 0 0 0 0 0 0 0 0 0 0 0 0 0 0 0 0 0 0 
0 0 0 0 0 0 0 0 0 0 0 0 0 0 0 0 0 0 0 0 
0 0 0 0 0 0 0 0 0 0 0 0 0 0 0 0 0 0 0 0 
0 0 0 0 0 0 0 0 0 0 0 0 0 0 0 0 0 0 0 0 
0 0 0 0 0 0 0 0 0 0 0 0 0 0 0 0 0 0 0 0 
0 0 0 0 0 0 0 0 0 0 0 0 0 0 0 0 0 0 0 0 
0 0 0 0 0 0 0 0 0 0 0 0 0 0 0 0 0 0 0 0 
0 0 0 0 0 0 0 0 0 0 0 0 0 0 0 0 0 0 0 0 
0 0 0 0 0 0 0 0 0 0 0 0 0 0 0 0 0 0 0 0 
0 0 0 0 0 0 0 0 0 0 0 0 0 0 0 0 0 0 0 0 
0 0 0 0 0 0 0 0 0 0 0 0 0 0 0 0 0 0 0 0 
0 0 0 0 0 0 0 0 0 0 0 0 0 0 0 0 0 0 0 0 
0 0 0 0 0 0 0 0 0 0 0 0 0 0 0 0 0 0 0 0 
0 0 0 0 0 0 0 0 0 0 0 0 0 0 0 0 0 0 0 0 
0 0 0 0 0 0 0 0 0 0 0 0 0 0 0 0 0 0 0 0 
0 0 0 0 0 0 0 0 0 0 0 0 0 0 0 0 0 0 0 0 
0 0 0 0 0 0 0 0 0 0 0 0 0 0 0 0 0 0 0 0 
0 0 0 0 0 0 0 0 0 0 0 0 0 0 0 0 0 0 0 0 
0 0 0 0 0 0 0 0 0 0 0 0 0 0 0 0 0 0 0 0 
0 0 0 0 0 0 0 0 0 0 0 0 0 0 0 0 0 0 0 0 
0 0 0 0 0 0 0 0 0 0 0 0 0 0 0 0 0 0 0 0 
0 0 0 0 0 0 0 0 0 0 0 0 0 0 0 0 0 0 0 0 
0 0 0 0 0 0 0 0 0 0 0 0 0 0 0 0 0 0 0 0 
0 0 0 0 0 0 0 0 0 0 0 0 0 0 0 0 0 0 0 0 
0 0 0 0 0 0 0 0 0 0 0 0 0 0 0 0 0 0 0 0 
0 0 0 0 0 0 0 0 0 0 0 0 0 0 0 0 0 0 0 0 
0 0 0 0 0 0 0 0 0 0 0 0 0 0 0 0 0 0 0 0 
0 0 0 0 0 0 0 0 0 0 0 0 0 0 0 0 0 0 0 0 
0 0 0 0 0 0 0 0 0 0 0 0 0 0 0 0 0 0 0 0 
0 0 0 0 0 0 0 0 0 0 0 0 0 0 0 0 0 0 0 0 
0 0 0 0 0 0 0 0 0 0 0 0 0 0 0 0 0 0 0 0 
0 0 0 0 0 0 0 0 0 0 0 0 0 0 0 0 0 0 0 0 
0 0 0 0 0 0 0 0 0 0 0 0 0 0 0 0 0 0 0 0 
0 0 0 0 0 0 0 0 0 0 0 0 0 0 0 0 0 0 0 0 
0 0 0 0 0 0 0 0 0 0 0 0 0 0 0 0 0 0 0 0 
0 0 0 0 0 0 0 0 0 0 0 0 0 0 0 0 0 0 0 0 
0 0 0 0 0 0 0 0 0 0 0 0 0 0 0 0 0 0 0 0 
0 0 0 0 0 0 0 0 0 0 0 0 0 0 0 0 0 0 0 0 
0 0 0 0 0 0 0 0 0 0 0 0 0 0 0 0 0 0 0 0 
0 0 0 0 0 0 0 0 0 0 0 0 0 0 0 0 0 0 0 0 
0 0 0 0 0 0 0 0 0 0 0 0 0 0 0 0 0 0 0 0 
0 0 0 0 0 0 0 0 0 0 0 0 0 0 0 0 0 0 0 0 
0 0 0 0 0 0 0 0 0 0 0 0 0 0 0 0 0 0 0 0 
0 0 0 0 0 0 0 0 0 0 0 0 0 0 0 0 0 0 0 0 
0 0 0 0 0 0 0 0 0 0 0 0 0 0 0 0 0 0 0 0 
0 0 0 0 0 0 0 0 0 0 0 0 0 0 0 0 0 0 0 0 
0 0 0 0 0 0 0 0 0 0 0 0 0 0 0 0 0 0 0 0 
0 0 0 0 0 0 0 0 0 0 0 0 0 0 0 0 0 0 0 0 
0 0 0 0 0 0 0 0 0 0 0 0 0 0 0 0 0 0 0 0 
0 0 0 0 0 0 0 0 0 0 0 0 0 0 0 0 0 0 0 0 
0 0 0 0 0 0 0 0 0 0 0 0 0 0 0 0 0 0 0 0 
0 0 0 0 0 0 0 0 0 0 0 0 0 0 0 0 0 0 0 0 
0 0 0 0 0 0 0 0 0 0 0 0 0 0 0 0 0 0 0 0 
0 0 0 0 0 0 0 0 0 0 0 0 0 0 0 0 0 0 0 0 
0 0 0 0 0 0 0 0 0 0 0 0 0 0 0 0 0 0 0 0 
0 0 0 0 0 0 0 0 0 0 0 0 0 0 0 0 0 0 0 0 
0 0 0 0 0 0 0 0 0 0 0 0 0 0 0 0 0 0 0 0 
0 0 0 0 0 0 0 0 0 0 0 0 0 0 0 0 0 0 0 0 
0 0 0 0 0 0 0 0 0 0 0 0 0 0 0 0 0 0 0 0 
0 0 0 0 0 0 0 0 0 0 0 0 0 0 0 0 0 0 0 0 
0 0 0 0 0 0 0 0 0 0 0 0 0 0 0 0 0 0 0 0 
0 0 0 0 0 0 0 0 0 0 0 0 0 0 0 0 0 0 0 0 
0 0 0 0 0 0 0 0 0 0 0 0 0 0 0 0 0 0 0 0 
0 0 0 0 0 0 0 0 0 0 0 0 0 0 0 0 0 0 0 0 
0 0 0 0 0 0 0 0 0 0 0 0 0 0 0 0 0 0 0 0 
0 0 0 0 0 0 0 0 0 0 0 0 0 0 0 0 0 0 0 0 
0 0 0 0 0 0 0 0 0 0 0 0 0 0 0 0 0 0 0 0 
0 0 0 0 0 0 0 0 0 0 0 0 0 0 0 0 0 0 0 0 
0 0 0 0 0 0 0 0 0 0 0 0 0 0 0 0 0 0 0 0 
0 0 0 0 0 0 0 0 0 0 0 0 0 0 0 0 0 0 0 0 
0 0 0 0 0 0 0 0 0 0 0 0 0 0 0 0 0 0 0 0 
0 0 0 0 0 0 0 0 0 0 0 0 0 0 0 0 0 0 0 0 
0 0 0 0 0 0 0 0 0 0 0 0 0 0 0 0 0 0 0 0 
0 0 0 0 0 0 0 0 0 0 0 0 0 0 0 0 0 0 0 0 
0 0 0 0 0 0 0 0 0 0 0 0 0 0 0 0 0 0 0 0 
0 0 0 0 0 0 0 0 0 0 0 0 0 0 0 0 0 0 0 0 
0 0 0 0 0 0 0 0 0 0 0 0 0 0 0 0 0 0 0 0 
0 0 0 0 0 0 0 0 0 0 0 0 0 0 0 0 0 0 0 0 
0 0 0 0 0 0 0 0 0 0 0 0 0 0 0 0 0 0 0 0 
0 0 0 0 0 0 0 0 0 0 0 0 0 0 0 0 0 0 0 0 
0 0 0 0 0 0 0 0 0 0 0 0 0 0 0 0 0 0 0 0 
0 0 0 0 0 0 0 0 0 0 0 0 0 0 0 0 0 0 0 0 
0 0 0 0 0 0 0 0 0 0 0 0 0 0 0 0 0 0 0 0 
0 0 0 0 0 0 0 0 0 0 0 0 0 0 0 0 0 0 0 0 
0 0 0 0 0 0 0 0 0 0 0 0 0 0 0 0 0 0 0 0 
0 0 0 0 0 0 0 0 0 0 0 0 0 0 0 0 0 0 0 0 
0 0 0 0 0 0 0 0 0 0 0 0 0 0 0 0 0 0 0 0 
0 0 0 0 0 0 0 0 0 0 0 0 0 0 0 0 0 0 0 0 
0 0 0 0 0 0 0 0 0 0 0 0 0 0 0 0 0 0 0 0 
0 0 0 0 0 0 0 0 0 0 0 0 0 0 0 0 0 0 0 0 
0 0 0 0 0 0 0 0 0 0 0 0 0 0 0 0 0 0 0 0 
0 0 0 0 0 0 0 0 0 0 0 0 0 0 0 0 0 0 0 0 
0 0 0 0 0 0 0 0 0 0 0 0 0 0 0 0 0 0 0 0 
0 0 0 0 0 0 0 0 0 0 0 0 0 0 0 0 0 0 0 0 
0 0 0 0 0 0 0 0 0 0 0 0 0 0 0 0 0 0 0 0 
0 0 0 0 0 0 0 0 0 0 0 0 0 0 0 0 0 0 0 0 
0 0 0 0 0 0 0 0 0 0 0 0 0 0 0 0 0 0 0 0 
0 0 0 0 0 0 0 0 0 0 0 0 0 0 0 0 0 0 0 0 
0 0 0 0 0 0 0 0 0 0 0 0 0 0 0 0 0 0 0 0 
0 0 0 0 0 0 0 0 0 0 0 0 0 0 0 0 0 0 0 0 
0 0 0 0 0 0 0 0 0 0 0 0 0 0 0 0 0 0 0 0 
0 0 0 0 0 0 0 0 0 0 0 0 0 0 0 0 0 0 0 0 
0 0 0 0 0 0 0 0 0 0 0 0 0 0 0 0 0 0 0 0 
0 0 0 0 0 0 0 0 0 0 0 0 0 0 0 0 0 0 0 0 
0 0 0 0 0 0 0 0 0 0 0 0 0 0 0 0 0 0 0 0 
0 0 0 0 0 0 0 0 0 0 0 0 0 0 0 0 0 0 0 0 
0 0 0 0 0 0 0 0 0 0 0 0 0 0 0 0 0 0 0 0 
0 0 0 0 0 0 0 0 0 0 0 0 0 0 0 0 0 0 0 0 
0 0 0 0 0 0 0 0 0 0 0 0 0 0 0 0 0 0 0 0 
0 0 0 0 0 0 0 0 0 0 0 0 0 0 0 0 0 0 0 0 
0 0 0 0 0 0 0 0 0 0 0 0 0 0 0 0 0 0 0 0 
0 0 0 0 0 0 0 0 0 0 0 0 0 0 0 0 0 0 0 0 
0 0 0 0 0 0 0 0 0 0 0 0 0 0 0 0 0 0 0 0 
0 0 0 0 0 0 0 0 0 0 0 0 0 0 0 0 0 0 0 0 
0 0 0 0 0 0 0 0 0 0 0 0 0 0 0 0 0 0 0 0 
0 0 0 0 0 0 0 0 0 0 0 0 0 0 0 0 0 0 0 0 
0 0 0 0 0 0 0 0 0 0 0 0 0 0 0 0 0 0 0 0 
0 0 0 0 0 0 0 0 0 0 0 0 0 0 0 0 0 0 0 0 
0 0 0 0 0 0 0 0 0 0 0 0 0 0 0 0 0 0 0 0 
0 0 0 0 0 0 0 0 0 0 0 0 0 0 0 0 0 0 0 0 
0 0 0 0 0 0 0 0 0 0 0 0 0 0 0 0 0 0 0 0 
0 0 0 0 0 0 0 0 0 0 0 0 0 0 0 0 0 0 0 0 
0 0 0 0 0 0 0 0 0 0 0 0 0 0 0 0 0 0 0 0 
0 0 0 0 0 0 0 0 0 0 0 0 0 0 0 0 0 0 0 0 
0 0 0 0 0 0 0 0 0 0 0 0 0 0 0 0 0 0 0 0 
0 0 0 0 0 0 0 0 0 0 0 0 0 0 0 0 0 0 0 0 
0 0 0 0 0 0 0 0 0 0 0 0 0 0 0 0 0 0 0 0 
0 0 0 0 0 0 0 0 0 0 0 0 0 0 0 0 0 0 0 0 
0 0 0 0 0 0 0 0 0 0 0 0 0 0 0 0 0 0 0 0 
0 0 0 0 0 0 0 0 0 0 0 0 0 0 0 0 0 0 0 0 
0 109782 44143 8806 459 0 0 0 0 0 0 0 0 0 0 0 0 0 0 0 
0 80725 31603 6822 1295 42 0 0 0 0 0 0 0 0 0 0 0 0 0 0 
0 53279 20656 2912 753 133 0 0 0 0 0 0 0 0 0 0 0 0 0 0 
0 417872 157825 10906 1358 67 0 0 0 0 0 0 0 0 0 0 0 0 0 0 
0 92038 36606 4106 302 0 0 0 0 0 0 0 0 0 0 0 0 0 0 0 
0 0 0 0 0 0 0 0 0 0 0 0 0 0 0 0 0 0 0 0 
0 0 0 0 0 0 0 0 0 0 0 0 0 0 0 0 0 0 0 0 
0 102359 43892 1674 0 0 0 0 0 0 0 0 0 0 0 0 0 0 0 0 
0 55289 16825 799 10 0 0 0 0 0 0 0 0 0 0 0 0 0 0 0 
0 52447 22896 8361 3225 11 0 0 0 0 0 0 0 0 0 0 0 0 0 0 
0 93819 40881 4365 1135 1 0 0 0 0 0 0 0 0 0 0 0 0 0 0 
0 296013 135301 16885 2103 32 0 0 0 0 0 0 0 0 0 0 0 0 0 0 
0 84904 42649 15800 4394 1334 4 0 0 0 0 0 0 0 0 0 0 0 0 0 
0 134267 62508 9222 1660 260 0 0 0 0 0 0 0 0 0 0 0 0 0 0 
0 164378 73038 2721 155 14 0 0 0 0 0 0 0 0 0 0 0 0 0 0 
0 326326 144553 33049 7681 158 0 0 0 0 0 0 0 0 0 0 0 0 0 0 
0 373863 167122 33492 4225 46 0 0 0 0 0 0 0 0 0 0 0 0 0 0 
0 142097 68668 18500 3477 68 0 0 0 0 0 0 0 0 0 0 0 0 0 0 
0 443764 186198 28085 8370 1394 0 0 0 0 0 0 0 0 0 0 0 0 0 0 
0 457660 190209 36347 5269 179 0 0 0 0 0 0 0 0 0 0 0 0 0 0 
0 379488 160974 25749 2001 29 0 0 0 0 0 0 0 0 0 0 0 0 0 0 
0 297352 139295 26950 5973 270 0 0 0 0 0 0 0 0 0 0 0 0 0 0 
0 598630 235515 23300 477 15 0 0 0 0 0 0 0 0 0 0 0 0 0 0 
0 901295 367994 64925 5871 172 0 0 0 0 0 0 0 0 0 0 0 0 0 0 
0 351546 145340 22468 2603 114 0 0 0 0 0 0 0 0 0 0 0 0 0 0 
0 107801 49223 16239 2607 371 9 0 0 0 0 0 0 0 0 0 0 0 0 0 
0 111814 40327 2979 230 6 0 0 0 0 0 0 0 0 0 0 0 0 0 0 
0 409788 188533 43001 9448 730 0 0 0 0 0 0 0 0 0 0 0 0 0 0 
0 160241 68540 13522 720 0 0 0 0 0 0 0 0 0 0 0 0 0 0 0 
0 129395 44280 3509 1369 285 1 0 0 0 0 0 0 0 0 0 0 0 0 0 
0 174316 69905 13366 3188 257 3 0 0 0 0 0 0 0 0 0 0 0 0 0 
0 363416 143692 17699 901 29 0 0 0 0 0 0 0 0 0 0 0 0 0 0 
0 235534 91022 4872 364 0 0 0 0 0 0 0 0 0 0 0 0 0 0 0 
0 261633 103295 9729 505 0 0 0 0 0 0 0 0 0 0 0 0 0 0 0 
0 196225 92526 18063 1825 81 0 0 0 0 0 0 0 0 0 0 0 0 0 0 
0 234482 90325 7468 342 4 0 0 0 0 0 0 0 0 0 0 0 0 0 0 
0 299679 121241 5996 0 0 0 0 0 0 0 0 0 0 0 0 0 0 0 0 
0 124233 63253 7381 879 27 0 0 0 0 0 0 0 0 0 0 0 0 0 0 
0 159033 59658 8101 1529 10 0 0 0 0 0 0 0 0 0 0 0 0 0 0 
0 173006 69422 4643 3 0 0 0 0 0 0 0 0 0 0 0 0 0 0 0 
0 109782 44143 8806 459 0 0 0 0 0 0 0 0 0 0 0 0 0 0 0 
0 80725 31603 6822 1295 42 0 0 0 0 0 0 0 0 0 0 0 0 0 0 
0 53279 20656 2912 753 133 0 0 0 0 0 0 0 0 0 0 0 0 0 0 
0 417872 157825 10906 1358 67 0 0 0 0 0 0 0 0 0 0 0 0 0 0 
0 92038 36606 4106 302 0 0 0 0 0 0 0 0 0 0 0 0 0 0 0 
0 0 0 0 0 0 0 0 0 0 0 0 0 0 0 0 0 0 0 0 
0 0 0 0 0 0 0 0 0 0 0 0 0 0 0 0 0 0 0 0 
0 102359 43892 1674 0 0 0 0 0 0 0 0 0 0 0 0 0 0 0 0 
0 55289 16825 799 10 0 0 0 0 0 0 0 0 0 0 0 0 0 0 0 
0 52447 22896 8361 3225 11 0 0 0 0 0 0 0 0 0 0 0 0 0 0 
0 93819 40881 4365 1135 1 0 0 0 0 0 0 0 0 0 0 0 0 0 0 
0 296013 135301 16885 2103 32 0 0 0 0 0 0 0 0 0 0 0 0 0 0 
0 84904 42649 15800 4394 1334 4 0 0 0 0 0 0 0 0 0 0 0 0 0 
0 134267 62508 9222 1660 260 0 0 0 0 0 0 0 0 0 0 0 0 0 0 
0 164378 73038 2721 155 14 0 0 0 0 0 0 0 0 0 0 0 0 0 0 
0 326326 144553 33049 7681 158 0 0 0 0 0 0 0 0 0 0 0 0 0 0 
0 373863 167122 33492 4225 46 0 0 0 0 0 0 0 0 0 0 0 0 0 0 
0 142097 68668 18500 3477 68 0 0 0 0 0 0 0 0 0 0 0 0 0 0 
0 443764 186198 28085 8370 1394 0 0 0 0 0 0 0 0 0 0 0 0 0 0 
0 457660 190209 36347 5269 179 0 0 0 0 0 0 0 0 0 0 0 0 0 0 
0 379488 160974 25749 2001 29 0 0 0 0 0 0 0 0 0 0 0 0 0 0 
0 297352 139295 26950 5973 270 0 0 0 0 0 0 0 0 0 0 0 0 0 0 
0 598630 235515 23300 477 15 0 0 0 0 0 0 0 0 0 0 0 0 0 0 
0 901295 367994 64925 5871 172 0 0 0 0 0 0 0 0 0 0 0 0 0 0 
0 351546 145340 22468 2603 114 0 0 0 0 0 0 0 0 0 0 0 0 0 0 
0 107801 49223 16239 2607 371 9 0 0 0 0 0 0 0 0 0 0 0 0 0 
0 111814 40327 2979 230 6 0 0 0 0 0 0 0 0 0 0 0 0 0 0 
0 409788 188533 43001 9448 730 0 0 0 0 0 0 0 0 0 0 0 0 0 0 
0 160241 68540 13522 720 0 0 0 0 0 0 0 0 0 0 0 0 0 0 0 
0 129395 44280 3509 1369 285 1 0 0 0 0 0 0 0 0 0 0 0 0 0 
0 174316 69905 13366 3188 257 3 0 0 0 0 0 0 0 0 0 0 0 0 0 
0 363416 143692 17699 901 29 0 0 0 0 0 0 0 0 0 0 0 0 0 0 
0 235534 91022 4872 364 0 0 0 0 0 0 0 0 0 0 0 0 0 0 0 
0 261633 103295 9729 505 0 0 0 0 0 0 0 0 0 0 0 0 0 0 0 
0 196225 92526 18063 1825 81 0 0 0 0 0 0 0 0 0 0 0 0 0 0 
0 234482 90325 7468 342 4 0 0 0 0 0 0 0 0 0 0 0 0 0 0 
0 299679 121241 5996 0 0 0 0 0 0 0 0 0 0 0 0 0 0 0 0 
0 124233 63253 7381 879 27 0 0 0 0 0 0 0 0 0 0 0 0 0 0 
0 159033 59658 8101 1529 10 0 0 0 0 0 0 0 0 0 0 0 0 0 0 
0 173006 69422 4643 3 0 0 0 0 0 0 0 0 0 0 0 0 0 0 0 
0 109782 44143 8806 459 0 0 0 0 0 0 0 0 0 0 0 0 0 0 0 
0 80725 31603 6822 1295 42 0 0 0 0 0 0 0 0 0 0 0 0 0 0 
0 53279 20656 2912 753 133 0 0 0 0 0 0 0 0 0 0 0 0 0 0 
0 417872 157825 10906 1358 67 0 0 0 0 0 0 0 0 0 0 0 0 0 0 
0 45302 16323 5425 725 0 0 0 0 0 0 0 0 0 0 0 0 0 0 0 
0 36193 13403 3592 997 184 17 0 0 0 0 0 0 0 0 0 0 0 0 0 
0 83069 39926 16498 1315 0 0 0 0 0 0 0 0 0 0 0 0 0 0 0 
0 27607 13784 3067 183 0 0 0 0 0 0 0 0 0 0 0 0 0 0 0 
0 927 105 6 0 0 0 0 0 0 0 0 0 0 0 0 0 0 0 0 
0 42127 17250 2124 99 15 0 0 0 0 0 0 0 0 0 0 0 0 0 0 
0 37774 15853 1561 33 0 0 0 0 0 0 0 0 0 0 0 0 0 0 0 
0 63035 30044 4933 72 0 0 0 0 0 0 0 0 0 0 0 0 0 0 0 
0 78069 30387 2319 9 0 0 0 0 0 0 0 0 0 0 0 0 0 0 0 
0 11445 3986 392 189 91 4 0 0 0 0 0 0 0 0 0 0 0 0 0 
0 49891 22673 4889 1930 1210 26 0 0 0 0 0 0 0 0 0 0 0 0 0 
0 33 0 0 0 0 0 0 0 0 0 0 0 0 0 0 0 0 0 0 
0 118308 47849 12656 2066 185 3 0 0 0 0 0 0 0 0 0 0 0 0 0 
0 209462 73461 7905 746 8 0 0 0 0 0 0 0 0 0 0 0 0 0 0 
0 266954 106729 26816 5026 88 0 0 0 0 0 0 0 0 0 0 0 0 0 0 
0 199699 85662 7929 364 13 0 0 0 0 0 0 0 0 0 0 0 0 0 0 
0 77079 36953 13071 5021 1140 1 0 0 0 0 0 0 0 0 0 0 0 0 0 
0 57692 20467 4803 414 19 0 0 0 0 0 0 0 0 0 0 0 0 0 0 
0 141830 53821 12101 1378 15 0 0 0 0 0 0 0 0 0 0 0 0 0 0 
0 282213 108745 21928 357 0 0 0 0 0 0 0 0 0 0 0 0 0 0 0 
0 26810 7866 1514 211 10 0 0 0 0 0 0 0 0 0 0 0 0 0 0 
0 64611 24537 6897 1252 70 0 0 0 0 0 0 0 0 0 0 0 0 0 0 
0 44771 17197 3237 131 2 0 0 0 0 0 0 0 0 0 0 0 0 0 0 
0 67919 37262 11165 574 5 0 0 0 0 0 0 0 0 0 0 0 0 0 0 
0 25101 13217 5234 1371 0 0 0 0 0 0 0 0 0 0 0 0 0 0 0 
0 57792 19948 3338 870 227 0 0 0 0 0 0 0 0 0 0 0 0 0 0 
0 46334 16360 4381 1007 7 0 0 0 0 0 0 0 0 0 0 0 0 0 0 
0 15955 4727 739 24 0 0 0 0 0 0 0 0 0 0 0 0 0 0 0 
0 152090 72525 21376 1717 30 0 0 0 0 0 0 0 0 0 0 0 0 0 0 
0 153495 61665 15497 1458 78 4 0 0 0 0 0 0 0 0 0 0 0 0 0 
0 68880 29320 9089 1675 158 0 0 0 0 0 0 0 0 0 0 0 0 0 0 
0 36995 11706 1220 23 0 0 0 0 0 0 0 0 0 0 0 0 0 0 0 
0 183 69 5 0 0 0 0 0 0 0 0 0 0 0 0 0 0 0 0 
0 12222 5124 208 0 0 0 0 0 0 0 0 0 0 0 0 0 0 0 0 
0 223312 87938 5058 77 0 0 0 0 0 0 0 0 0 0 0 0 0 0 0 
0 112111 40755 1662 0 0 0 0 0 0 0 0 0 0 0 0 0 0 0 0 
0 141838 66180 19427 4428 461 0 0 0 0 0 0 0 0 0 0 0 0 0 0 
0 16325 5595 242 1 0 0 0 0 0 0 0 0 0 0 0 0 0 0 0 
0 42388 16865 2634 1019 2 0 0 0 0 0 0 0 0 0 0 0 0 0 0 
0 181945 73233 4930 645 2 0 0 0 0 0 0 0 0 0 0 0 0 0 0 
0 151791 55041 6968 947 67 0 0 0 0 0 0 0 0 0 0 0 0 0 0 
0 437520 136512 11357 3292 329 0 0 0 0 0 0 0 0 0 0 0 0 0 0 
0 185665 82564 18842 3318 854 3 0 0 0 0 0 0 0 0 0 0 0 0 0 
0 46306 13770 3237 385 13 0 0 0 0 0 0 0 0 0 0 0 0 0 0 
0 236473 99210 21458 3110 356 0 0 0 0 0 0 0 0 0 0 0 0 0 0 
0 225717 105189 25231 3942 389 12 0 0 0 0 0 0 0 0 0 0 0 0 0 
0 251563 112765 20550 1948 39 0 0 0 0 0 0 0 0 0 0 0 0 0 0 
0 510959 245150 68458 10494 1263 44 0 0 0 0 0 0 0 0 0 0 0 0 0 
0 270794 116098 28719 2566 147 0 0 0 0 0 0 0 0 0 0 0 0 0 0 
0 158841 58722 9099 2266 430 0 0 0 0 0 0 0 0 0 0 0 0 0 0 
0 503944 217897 60351 15979 2342 0 0 0 0 0 0 0 0 0 0 0 0 0 0 
0 167399 66733 12708 1459 31 0 0 0 0 0 0 0 0 0 0 0 0 0 0 
0 75985 29279 3950 92 0 0 0 0 0 0 0 0 0 0 0 0 0 0 0 
0 12846 3502 591 8 0 0 0 0 0 0 0 0 0 0 0 0 0 0 0 
0 180610 79165 21504 2052 30 0 0 0 0 0 0 0 0 0 0 0 0 0 0 
0 179423 72612 21246 3804 178 0 0 0 0 0 0 0 0 0 0 0 0 0 0 
0 188836 79461 9042 858 57 0 0 0 0 0 0 0 0 0 0 0 0 0 0 
0 335229 136050 16971 739 20 0 0 0 0 0 0 0 0 0 0 0 0 0 0 
0 61507 23759 3508 287 29 0 0 0 0 0 0 0 0 0 0 0 0 0 0 
0 178069 71376 16685 1888 108 0 0 0 0 0 0 0 0 0 0 0 0 0 0 
0 74874 24528 827 4 0 0 0 0 0 0 0 0 0 0 0 0 0 0 0 
0 55619 19658 1780 31 0 0 0 0 0 0 0 0 0 0 0 0 0 0 0 
0 11397 3603 666 84 5 0 0 0 0 0 0 0 0 0 0 0 0 0 0 
0 47327 19687 2546 128 1 0 0 0 0 0 0 0 0 0 0 0 0 0 0 
0 625047 257595 38928 2060 25 0 0 0 0 0 0 0 0 0 0 0 0 0 0 
0 44003 17959 3294 572 4 0 0 0 0 0 0 0 0 0 0 0 0 0 0 
0 28157 9820 1126 29 0 0 0 0 0 0 0 0 0 0 0 0 0 0 0 
0 62442 17425 1254 14 0 0 0 0 0 0 0 0 0 0 0 0 0 0 0 
