0 133 10 0 0 0 0 0 0 0 0 0 0 0 0 0 0 0 0 0 
0 1579 381 0 0 0 0 0 0 0 0 0 0 0 0 0 0 0 0 0 
0 1604 401 1 0 0 0 0 0 0 0 0 0 0 0 0 0 0 0 0 
0 1612 454 2 0 0 0 0 0 0 0 0 0 0 0 0 0 0 0 0 
0 400 225 24 0 0 0 0 0 0 0 0 0 0 0 0 0 0 0 0 
0 1436 422 61 5 0 0 0 0 0 0 0 0 0 0 0 0 0 0 0 
0 27014 7227 1227 47 0 0 0 0 0 0 0 0 0 0 0 0 0 0 0 
0 11010 3903 832 340 151 17 0 0 0 0 0 0 0 0 0 0 0 0 0 
0 863 285 72 1 0 0 0 0 0 0 0 0 0 0 0 0 0 0 0 
0 1057 503 176 14 0 0 0 0 0 0 0 0 0 0 0 0 0 0 0 
0 8539 2502 246 0 0 0 0 0 0 0 0 0 0 0 0 0 0 0 0 
0 9882 2366 234 55 6 0 0 0 0 0 0 0 0 0 0 0 0 0 0 
0 0 0 0 0 0 0 0 0 0 0 0 0 0 0 0 0 0 0 0 
0 212 43 2 0 0 0 0 0 0 0 0 0 0 0 0 0 0 0 0 
0 22982 9021 368 0 0 0 0 0 0 0 0 0 0 0 0 0 0 0 0 
0 3506 1708 355 160 86 10 0 0 0 0 0 0 0 0 0 0 0 0 0 
0 0 0 0 0 0 0 0 0 0 0 0 0 0 0 0 0 0 0 0 
0 1 0 0 0 0 0 0 0 0 0 0 0 0 0 0 0 0 0 0 
0 0 0 0 0 0 0 0 0 0 0 0 0 0 0 0 0 0 0 0 
0 0 0 0 0 0 0 0 0 0 0 0 0 0 0 0 0 0 0 0 
0 0 0 0 0 0 0 0 0 0 0 0 0 0 0 0 0 0 0 0 
0 3 0 0 0 0 0 0 0 0 0 0 0 0 0 0 0 0 0 0 
0 2 0 0 0 0 0 0 0 0 0 0 0 0 0 0 0 0 0 0 
0 0 0 0 0 0 0 0 0 0 0 0 0 0 0 0 0 0 0 0 
0 625 136 6 0 0 0 0 0 0 0 0 0 0 0 0 0 0 0 0 
0 6382 2628 374 20 0 0 0 0 0 0 0 0 0 0 0 0 0 0 0 
0 13282 4196 517 27 0 0 0 0 0 0 0 0 0 0 0 0 0 0 0 
0 23183 7611 2249 640 76 0 0 0 0 0 0 0 0 0 0 0 0 0 0 
0 298 102 15 0 0 0 0 0 0 0 0 0 0 0 0 0 0 0 0 
0 1324 419 84 14 0 0 0 0 0 0 0 0 0 0 0 0 0 0 0 
0 66 16 2 0 0 0 0 0 0 0 0 0 0 0 0 0 0 0 0 
0 11659 4429 1431 98 0 0 0 0 0 0 0 0 0 0 0 0 0 0 0 
0 6302 1375 98 0 0 0 0 0 0 0 0 0 0 0 0 0 0 0 0 
0 11629 3826 832 41 0 0 0 0 0 0 0 0 0 0 0 0 0 0 0 
0 60393 17301 1946 94 0 0 0 0 0 0 0 0 0 0 0 0 0 0 0 
0 41912 10164 826 16 0 0 0 0 0 0 0 0 0 0 0 0 0 0 0 
0 0 0 0 0 0 0 0 0 0 0 0 0 0 0 0 0 0 0 0 
0 3 0 0 0 0 0 0 0 0 0 0 0 0 0 0 0 0 0 0 
0 0 0 0 0 0 0 0 0 0 0 0 0 0 0 0 0 0 0 0 
0 0 0 0 0 0 0 0 0 0 0 0 0 0 0 0 0 0 0 0 
0 2607 975 316 22 0 0 0 0 0 0 0 0 0 0 0 0 0 0 0 
0 15632 3163 357 12 0 0 0 0 0 0 0 0 0 0 0 0 0 0 0 
0 140165 43682 4589 186 0 0 0 0 0 0 0 0 0 0 0 0 0 0 0 
0 122860 30031 936 0 0 0 0 0 0 0 0 0 0 0 0 0 0 0 0 
0 8019 1830 187 7 0 0 0 0 0 0 0 0 0 0 0 0 0 0 0 
0 7002 2286 143 1 0 0 0 0 0 0 0 0 0 0 0 0 0 0 0 
0 4676 1531 222 16 0 0 0 0 0 0 0 0 0 0 0 0 0 0 0 
0 224610 30142 34 0 0 0 0 0 0 0 0 0 0 0 0 0 0 0 0 
0 0 0 0 0 0 0 0 0 0 0 0 0 0 0 0 0 0 0 0 
0 1 0 0 0 0 0 0 0 0 0 0 0 0 0 0 0 0 0 0 
0 0 0 0 0 0 0 0 0 0 0 0 0 0 0 0 0 0 0 0 
0 0 0 0 0 0 0 0 0 0 0 0 0 0 0 0 0 0 0 0 
0 0 0 0 0 0 0 0 0 0 0 0 0 0 0 0 0 0 0 0 
0 0 0 0 0 0 0 0 0 0 0 0 0 0 0 0 0 0 0 0 
0 0 0 0 0 0 0 0 0 0 0 0 0 0 0 0 0 0 0 0 
0 0 0 0 0 0 0 0 0 0 0 0 0 0 0 0 0 0 0 0 
0 162841 52669 6528 208 0 0 0 0 0 0 0 0 0 0 0 0 0 0 0 
0 23753 8354 1630 155 0 0 0 0 0 0 0 0 0 0 0 0 0 0 0 
0 3696 1015 192 2 0 0 0 0 0 0 0 0 0 0 0 0 0 0 0 
0 5994 2070 508 13 0 0 0 0 0 0 0 0 0 0 0 0 0 0 0 
0 18747 4193 257 0 0 0 0 0 0 0 0 0 0 0 0 0 0 0 0 
0 1160 325 23 0 0 0 0 0 0 0 0 0 0 0 0 0 0 0 0 
0 205085 49905 1922 0 0 0 0 0 0 0 0 0 0 0 0 0 0 0 0 
0 17286 3268 176 0 0 0 0 0 0 0 0 0 0 0 0 0 0 0 0 
0 133 10 0 0 0 0 0 0 0 0 0 0 0 0 0 0 0 0 0 
0 3106 776 1 0 0 0 0 0 0 0 0 0 0 0 0 0 0 0 0 
0 1748 464 2 0 0 0 0 0 0 0 0 0 0 0 0 0 0 0 0 
0 3010 774 2 0 0 0 0 0 0 0 0 0 0 0 0 0 0 0 0 
0 400 225 24 0 0 0 0 0 0 0 0 0 0 0 0 0 0 0 0 
0 1436 422 61 5 0 0 0 0 0 0 0 0 0 0 0 0 0 0 0 
0 27015 7227 1227 47 0 0 0 0 0 0 0 0 0 0 0 0 0 0 0 
0 12391 4591 1025 347 151 17 0 0 0 0 0 0 0 0 0 0 0 0 0 
0 866 285 72 1 0 0 0 0 0 0 0 0 0 0 0 0 0 0 0 
0 1054 503 176 14 0 0 0 0 0 0 0 0 0 0 0 0 0 0 0 
0 8539 2502 246 0 0 0 0 0 0 0 0 0 0 0 0 0 0 0 0 
0 25785 10230 1395 55 6 0 0 0 0 0 0 0 0 0 0 0 0 0 0 
0 0 0 0 0 0 0 0 0 0 0 0 0 0 0 0 0 0 0 0 
0 212 43 2 0 0 0 0 0 0 0 0 0 0 0 0 0 0 0 0 
0 22982 9021 368 0 0 0 0 0 0 0 0 0 0 0 0 0 0 0 0 
0 3506 1708 355 160 86 10 0 0 0 0 0 0 0 0 0 0 0 0 0 
0 1 0 0 0 0 0 0 0 0 0 0 0 0 0 0 0 0 0 0 
0 1 0 0 0 0 0 0 0 0 0 0 0 0 0 0 0 0 0 0 
0 1 0 0 0 0 0 0 0 0 0 0 0 0 0 0 0 0 0 0 
0 0 0 0 0 0 0 0 0 0 0 0 0 0 0 0 0 0 0 0 
0 3 0 0 0 0 0 0 0 0 0 0 0 0 0 0 0 0 0 0 
0 3 0 0 0 0 0 0 0 0 0 0 0 0 0 0 0 0 0 0 
0 2 0 0 0 0 0 0 0 0 0 0 0 0 0 0 0 0 0 0 
0 4 0 0 0 0 0 0 0 0 0 0 0 0 0 0 0 0 0 0 
0 625 136 6 0 0 0 0 0 0 0 0 0 0 0 0 0 0 0 0 
0 6382 2628 374 20 0 0 0 0 0 0 0 0 0 0 0 0 0 0 0 
0 13295 4196 517 27 0 0 0 0 0 0 0 0 0 0 0 0 0 0 0 
0 23396 7742 2314 648 76 0 0 0 0 0 0 0 0 0 0 0 0 0 0 
0 298 102 15 0 0 0 0 0 0 0 0 0 0 0 0 0 0 0 0 
0 1324 419 84 14 0 0 0 0 0 0 0 0 0 0 0 0 0 0 0 
0 66 16 2 0 0 0 0 0 0 0 0 0 0 0 0 0 0 0 0 
0 13272 4629 1438 98 0 0 0 0 0 0 0 0 0 0 0 0 0 0 0 
0 6302 1375 98 0 0 0 0 0 0 0 0 0 0 0 0 0 0 0 0 
0 11657 3835 834 41 0 0 0 0 0 0 0 0 0 0 0 0 0 0 0 
0 60408 17294 1944 94 0 0 0 0 0 0 0 0 0 0 0 0 0 0 0 
0 43345 10559 899 16 0 0 0 0 0 0 0 0 0 0 0 0 0 0 0 
0 3 0 0 0 0 0 0 0 0 0 0 0 0 0 0 0 0 0 0 
0 2 0 0 0 0 0 0 0 0 0 0 0 0 0 0 0 0 0 0 
0 3 0 0 0 0 0 0 0 0 0 0 0 0 0 0 0 0 0 0 
0 3 0 0 0 0 0 0 0 0 0 0 0 0 0 0 0 0 0 0 
0 2953 1129 384 27 0 0 0 0 0 0 0 0 0 0 0 0 0 0 0 
0 16378 3398 489 31 0 0 0 0 0 0 0 0 0 0 0 0 0 0 0 
0 143841 44329 4478 162 0 0 0 0 0 0 0 0 0 0 0 0 0 0 0 
0 153286 35037 1136 0 0 0 0 0 0 0 0 0 0 0 0 0 0 0 0 
0 8019 1830 187 7 0 0 0 0 0 0 0 0 0 0 0 0 0 0 0 
0 7002 2286 143 1 0 0 0 0 0 0 0 0 0 0 0 0 0 0 0 
0 4676 1531 222 16 0 0 0 0 0 0 0 0 0 0 0 0 0 0 0 
0 224612 30142 34 0 0 0 0 0 0 0 0 0 0 0 0 0 0 0 0 
0 19762 7776 2204 159 0 0 0 0 0 0 0 0 0 0 0 0 0 0 0 
0 11178 3566 393 11 0 0 0 0 0 0 0 0 0 0 0 0 0 0 0 
0 33647 10628 500 4 0 0 0 0 0 0 0 0 0 0 0 0 0 0 0 
0 18230 4977 63 0 0 0 0 0 0 0 0 0 0 0 0 0 0 0 0 
0 3 0 0 0 0 0 0 0 0 0 0 0 0 0 0 0 0 0 0 
0 2 0 0 0 0 0 0 0 0 0 0 0 0 0 0 0 0 0 0 
0 1 0 0 0 0 0 0 0 0 0 0 0 0 0 0 0 0 0 0 
0 1 0 0 0 0 0 0 0 0 0 0 0 0 0 0 0 0 0 0 
0 162841 52669 6528 208 0 0 0 0 0 0 0 0 0 0 0 0 0 0 0 
0 23753 8354 1630 155 0 0 0 0 0 0 0 0 0 0 0 0 0 0 0 
0 3696 1015 192 2 0 0 0 0 0 0 0 0 0 0 0 0 0 0 0 
0 8343 2427 522 13 0 0 0 0 0 0 0 0 0 0 0 0 0 0 0 
0 18747 4193 257 0 0 0 0 0 0 0 0 0 0 0 0 0 0 0 0 
0 1160 325 23 0 0 0 0 0 0 0 0 0 0 0 0 0 0 0 0 
0 205085 49905 1922 0 0 0 0 0 0 0 0 0 0 0 0 0 0 0 0 
0 19226 3896 216 0 0 0 0 0 0 0 0 0 0 0 0 0 0 0 0 
