0 133 10 0 0 0 0 0 0 0 0 0 0 0 0 0 0 0 0 0 
0 3106 776 1 0 0 0 0 0 0 0 0 0 0 0 0 0 0 0 0 
0 1748 464 2 0 0 0 0 0 0 0 0 0 0 0 0 0 0 0 0 
0 3010 774 2 0 0 0 0 0 0 0 0 0 0 0 0 0 0 0 0 
0 400 225 24 0 0 0 0 0 0 0 0 0 0 0 0 0 0 0 0 
0 1436 422 61 5 0 0 0 0 0 0 0 0 0 0 0 0 0 0 0 
0 27015 7227 1227 47 0 0 0 0 0 0 0 0 0 0 0 0 0 0 0 
0 12391 4591 1025 347 151 17 0 0 0 0 0 0 0 0 0 0 0 0 0 
0 866 285 72 1 0 0 0 0 0 0 0 0 0 0 0 0 0 0 0 
0 1054 503 176 14 0 0 0 0 0 0 0 0 0 0 0 0 0 0 0 
0 8539 2502 246 0 0 0 0 0 0 0 0 0 0 0 0 0 0 0 0 
0 25785 10230 1395 55 6 0 0 0 0 0 0 0 0 0 0 0 0 0 0 
0 0 0 0 0 0 0 0 0 0 0 0 0 0 0 0 0 0 0 0 
0 212 43 2 0 0 0 0 0 0 0 0 0 0 0 0 0 0 0 0 
0 22982 9021 368 0 0 0 0 0 0 0 0 0 0 0 0 0 0 0 0 
0 3506 1708 355 160 86 10 0 0 0 0 0 0 0 0 0 0 0 0 0 
0 1 0 0 0 0 0 0 0 0 0 0 0 0 0 0 0 0 0 0 
0 1 0 0 0 0 0 0 0 0 0 0 0 0 0 0 0 0 0 0 
0 1 0 0 0 0 0 0 0 0 0 0 0 0 0 0 0 0 0 0 
0 0 0 0 0 0 0 0 0 0 0 0 0 0 0 0 0 0 0 0 
0 3 0 0 0 0 0 0 0 0 0 0 0 0 0 0 0 0 0 0 
0 3 0 0 0 0 0 0 0 0 0 0 0 0 0 0 0 0 0 0 
0 2 0 0 0 0 0 0 0 0 0 0 0 0 0 0 0 0 0 0 
0 4 0 0 0 0 0 0 0 0 0 0 0 0 0 0 0 0 0 0 
0 625 136 6 0 0 0 0 0 0 0 0 0 0 0 0 0 0 0 0 
0 6382 2628 374 20 0 0 0 0 0 0 0 0 0 0 0 0 0 0 0 
0 13295 4196 517 27 0 0 0 0 0 0 0 0 0 0 0 0 0 0 0 
0 23396 7742 2314 648 76 0 0 0 0 0 0 0 0 0 0 0 0 0 0 
0 287 118 20 1 0 0 0 0 0 0 0 0 0 0 0 0 0 0 0 
0 1257 469 149 31 0 0 0 0 0 0 0 0 0 0 0 0 0 0 0 
0 65 17 2 0 0 0 0 0 0 0 0 0 0 0 0 0 0 0 0 
0 11357 6373 3018 767 0 0 0 0 0 0 0 0 0 0 0 0 0 0 0 
0 6156 2155 289 0 0 0 0 0 0 0 0 0 0 0 0 0 0 0 0 
0 11290 3660 1193 240 20 0 0 0 0 0 0 0 0 0 0 0 0 0 0 
0 54902 22332 5367 529 21 1 0 0 0 0 0 0 0 0 0 0 0 0 0 
0 38898 13454 3678 905 61 0 0 0 0 0 0 0 0 0 0 0 0 0 0 
0 0 0 0 0 0 0 0 0 0 0 0 0 0 0 0 0 0 0 0 
0 0 0 0 0 0 0 0 0 0 0 0 0 0 0 0 0 0 0 0 
0 0 0 0 0 0 0 0 0 0 0 0 0 0 0 0 0 0 0 0 
0 0 0 0 0 0 0 0 0 0 0 0 0 0 0 0 0 0 0 0 
0 17237 7468 380 50 0 0 0 0 0 0 0 0 0 0 0 0 0 0 0 
0 2 0 0 0 0 0 0 0 0 0 0 0 0 0 0 0 0 0 0 
0 0 0 0 0 0 0 0 0 0 0 0 0 0 0 0 0 0 0 0 
0 83981 39271 10483 2681 150 0 0 0 0 0 0 0 0 0 0 0 0 0 0 
0 7131 3029 492 28 4 0 0 0 0 0 0 0 0 0 0 0 0 0 0 
0 6652 2933 355 15 0 0 0 0 0 0 0 0 0 0 0 0 0 0 0 
0 4192 1972 449 63 1 0 0 0 0 0 0 0 0 0 0 0 0 0 0 
0 209128 63427 293 38 16 0 0 0 0 0 0 0 0 0 0 0 0 0 0 
0 18472 8876 2941 297 1 0 0 0 0 0 0 0 0 0 0 0 0 0 0 
0 10526 3960 854 134 4 0 0 0 0 0 0 0 0 0 0 0 0 0 0 
0 31857 13069 1319 139 19 0 0 0 0 0 0 0 0 0 0 0 0 0 0 
0 16688 7176 528 32 1 0 0 0 0 0 0 0 0 0 0 0 0 0 0 
0 0 0 0 0 0 0 0 0 0 0 0 0 0 0 0 0 0 0 0 
0 0 0 0 0 0 0 0 0 0 0 0 0 0 0 0 0 0 0 0 
0 0 0 0 0 0 0 0 0 0 0 0 0 0 0 0 0 0 0 0 
0 0 0 0 0 0 0 0 0 0 0 0 0 0 0 0 0 0 0 0 
0 144640 57231 19797 6282 429 0 0 0 0 0 0 0 0 0 0 0 0 0 0 
0 22800 10020 2490 425 8 0 0 0 0 0 0 0 0 0 0 0 0 0 0 
0 3581 1162 252 3 0 0 0 0 0 0 0 0 0 0 0 0 0 0 0 
0 7775 3324 861 66 0 0 0 0 0 0 0 0 0 0 0 0 0 0 0 
0 17345 6759 657 31 3 0 0 0 0 0 0 0 0 0 0 0 0 0 0 
0 1080 424 55 1 0 0 0 0 0 0 0 0 0 0 0 0 0 0 0 
0 181634 82698 8654 257 0 0 0 0 0 0 0 0 0 0 0 0 0 0 0 
0 17563 6496 465 48 5 0 0 0 0 0 0 0 0 0 0 0 0 0 0 
0 4311 1669 102 3 0 0 0 0 0 0 0 0 0 0 0 0 0 0 0 
0 2826 1250 124 0 0 0 0 0 0 0 0 0 0 0 0 0 0 0 0 
0 6498 1396 77 0 0 0 0 0 0 0 0 0 0 0 0 0 0 0 0 
0 3130 882 263 65 5 0 0 0 0 0 0 0 0 0 0 0 0 0 0 
0 2437 606 20 0 0 0 0 0 0 0 0 0 0 0 0 0 0 0 0 
0 1921 466 18 0 0 0 0 0 0 0 0 0 0 0 0 0 0 0 0 
0 895 426 120 7 0 0 0 0 0 0 0 0 0 0 0 0 0 0 0 
0 384066 162679 23975 1205 31 0 0 0 0 0 0 0 0 0 0 0 0 0 0 
0 12009 4285 460 27 0 0 0 0 0 0 0 0 0 0 0 0 0 0 0 
0 3741 1346 159 1 0 0 0 0 0 0 0 0 0 0 0 0 0 0 0 
0 2522 1034 316 130 3 0 0 0 0 0 0 0 0 0 0 0 0 0 0 
0 1512 564 91 2 0 0 0 0 0 0 0 0 0 0 0 0 0 0 0 
0 486 190 65 16 0 0 0 0 0 0 0 0 0 0 0 0 0 0 0 
0 6198 2897 794 16 0 0 0 0 0 0 0 0 0 0 0 0 0 0 0 
0 892 254 18 0 0 0 0 0 0 0 0 0 0 0 0 0 0 0 0 
0 7617 2638 683 340 151 17 0 0 0 0 0 0 0 0 0 0 0 0 0 
0 0 0 0 0 0 0 0 0 0 0 0 0 0 0 0 0 0 0 0 
0 1187 525 178 14 0 0 0 0 0 0 0 0 0 0 0 0 0 0 0 
0 284 86 13 1 0 0 0 0 0 0 0 0 0 0 0 0 0 0 0 
0 10104 2486 278 55 6 0 0 0 0 0 0 0 0 0 0 0 0 0 0 
0 18587 7375 303 0 0 0 0 0 0 0 0 0 0 0 0 0 0 0 0 
0 4675 1686 66 0 0 0 0 0 0 0 0 0 0 0 0 0 0 0 0 
0 1551 112 0 0 0 0 0 0 0 0 0 0 0 0 0 0 0 0 0 
0 3494 1707 355 160 86 10 0 0 0 0 0 0 0 0 0 0 0 0 0 
0 5173 556 27 0 0 0 0 0 0 0 0 0 0 0 0 0 0 0 0 
0 62380 19814 1137 23 0 0 0 0 0 0 0 0 0 0 0 0 0 0 0 
0 13396 4536 497 41 2 0 0 0 0 0 0 0 0 0 0 0 0 0 0 
0 19653 6907 1124 111 0 0 0 0 0 0 0 0 0 0 0 0 0 0 0 
0 10209 4006 492 34 10 0 0 0 0 0 0 0 0 0 0 0 0 0 0 
0 5617 2800 373 15 0 0 0 0 0 0 0 0 0 0 0 0 0 0 0 
0 1491 433 61 1 0 0 0 0 0 0 0 0 0 0 0 0 0 0 0 
0 96498 32080 6875 73 14 0 0 0 0 0 0 0 0 0 0 0 0 0 0 
0 2299 983 226 39 2 0 0 0 0 0 0 0 0 0 0 0 0 0 0 
0 3243 849 134 3 0 0 0 0 0 0 0 0 0 0 0 0 0 0 0 
0 582 197 6 0 0 0 0 0 0 0 0 0 0 0 0 0 0 0 0 
0 15232 6573 643 21 0 0 0 0 0 0 0 0 0 0 0 0 0 0 0 
0 11330 6612 2984 767 0 0 0 0 0 0 0 0 0 0 0 0 0 0 0 
0 510 76 0 0 0 0 0 0 0 0 0 0 0 0 0 0 0 0 0 
0 10460 2460 355 56 0 0 0 0 0 0 0 0 0 0 0 0 0 0 0 
0 28607 10385 2580 294 33 0 0 0 0 0 0 0 0 0 0 0 0 0 0 
0 7829 3954 1220 108 2 0 0 0 0 0 0 0 0 0 0 0 0 0 0 
0 2188 857 267 35 0 0 0 0 0 0 0 0 0 0 0 0 0 0 0 
0 5213 1873 340 18 6 0 0 0 0 0 0 0 0 0 0 0 0 0 0 
0 16184 5445 1554 538 28 0 0 0 0 0 0 0 0 0 0 0 0 0 0 
0 2277 1179 199 3 0 0 0 0 0 0 0 0 0 0 0 0 0 0 0 
0 23257 8671 152 0 0 0 0 0 0 0 0 0 0 0 0 0 0 0 0 
0 45777 16655 725 0 0 0 0 0 0 0 0 0 0 0 0 0 0 0 0 
0 24490 8139 723 26 0 0 0 0 0 0 0 0 0 0 0 0 0 0 0 
0 0 0 0 0 0 0 0 0 0 0 0 0 0 0 0 0 0 0 0 
0 0 0 0 0 0 0 0 0 0 0 0 0 0 0 0 0 0 0 0 
0 0 0 0 0 0 0 0 0 0 0 0 0 0 0 0 0 0 0 0 
0 0 0 0 0 0 0 0 0 0 0 0 0 0 0 0 0 0 0 0 
0 12972 6348 1992 210 3 0 0 0 0 0 0 0 0 0 0 0 0 0 0 
0 230519 74346 4995 2002 164 0 0 0 0 0 0 0 0 0 0 0 0 0 0 
0 29827 10298 2258 54 0 0 0 0 0 0 0 0 0 0 0 0 0 0 0 
0 72756 29799 5706 1221 300 0 0 0 0 0 0 0 0 0 0 0 0 0 0 
0 26420 11685 2450 540 108 0 0 0 0 0 0 0 0 0 0 0 0 0 0 
0 6975 2740 711 118 7 0 0 0 0 0 0 0 0 0 0 0 0 0 0 
0 13613 6311 2175 258 5 0 0 0 0 0 0 0 0 0 0 0 0 0 0 
0 16755 7260 496 14 0 0 0 0 0 0 0 0 0 0 0 0 0 0 0 
0 0 0 0 0 0 0 0 0 0 0 0 0 0 0 0 0 0 0 0 
0 0 0 0 0 0 0 0 0 0 0 0 0 0 0 0 0 0 0 0 
0 0 0 0 0 0 0 0 0 0 0 0 0 0 0 0 0 0 0 0 
0 0 0 0 0 0 0 0 0 0 0 0 0 0 0 0 0 0 0 0 
0 2568 1485 516 25 0 0 0 0 0 0 0 0 0 0 0 0 0 0 0 
0 396 151 32 7 0 0 0 0 0 0 0 0 0 0 0 0 0 0 0 
0 19028 7430 1766 86 3 0 0 0 0 0 0 0 0 0 0 0 0 0 0 
0 143659 58104 20117 6582 429 0 0 0 0 0 0 0 0 0 0 0 0 0 0 
0 6933 2625 392 4 3 0 0 0 0 0 0 0 0 0 0 0 0 0 0 
0 24884 8801 901 32 3 0 0 0 0 0 0 0 0 0 0 0 0 0 0 
0 81197 36536 5866 189 0 0 0 0 0 0 0 0 0 0 0 0 0 0 0 
0 125328 53566 3140 140 15 0 0 0 0 0 0 0 0 0 0 0 0 0 0 
0 3269 1110 39 0 0 0 0 0 0 0 0 0 0 0 0 0 0 0 0 
0 1339 393 29 0 0 0 0 0 0 0 0 0 0 0 0 0 0 0 0 
0 2289 562 67 0 0 0 0 0 0 0 0 0 0 0 0 0 0 0 0 
0 3562 1424 124 3 0 0 0 0 0 0 0 0 0 0 0 0 0 0 0 
0 3277 1293 264 35 0 0 0 0 0 0 0 0 0 0 0 0 0 0 0 
0 779 331 21 3 0 0 0 0 0 0 0 0 0 0 0 0 0 0 0 
0 792 312 30 0 0 0 0 0 0 0 0 0 0 0 0 0 0 0 0 
0 22142 6928 463 4 0 0 0 0 0 0 0 0 0 0 0 0 0 0 0 
0 1411 314 0 0 0 0 0 0 0 0 0 0 0 0 0 0 0 0 0 
0 213 30 0 0 0 0 0 0 0 0 0 0 0 0 0 0 0 0 0 
0 2831 738 0 0 0 0 0 0 0 0 0 0 0 0 0 0 0 0 0 
0 436 123 0 0 0 0 0 0 0 0 0 0 0 0 0 0 0 0 0 
0 0 0 0 0 0 0 0 0 0 0 0 0 0 0 0 0 0 0 0 
0 2 0 0 0 0 0 0 0 0 0 0 0 0 0 0 0 0 0 0 
0 0 0 0 0 0 0 0 0 0 0 0 0 0 0 0 0 0 0 0 
0 0 0 0 0 0 0 0 0 0 0 0 0 0 0 0 0 0 0 0 
0 0 0 0 0 0 0 0 0 0 0 0 0 0 0 0 0 0 0 0 
0 1187 525 178 14 0 0 0 0 0 0 0 0 0 0 0 0 0 0 0 
0 284 86 13 1 0 0 0 0 0 0 0 0 0 0 0 0 0 0 0 
0 10104 2486 278 55 6 0 0 0 0 0 0 0 0 0 0 0 0 0 0 
0 18587 7375 303 0 0 0 0 0 0 0 0 0 0 0 0 0 0 0 0 
0 4675 1686 66 0 0 0 0 0 0 0 0 0 0 0 0 0 0 0 0 
0 1551 112 0 0 0 0 0 0 0 0 0 0 0 0 0 0 0 0 0 
0 3494 1707 355 160 86 10 0 0 0 0 0 0 0 0 0 0 0 0 0 
0 18 0 0 0 0 0 0 0 0 0 0 0 0 0 0 0 0 0 0 
0 1 0 0 0 0 0 0 0 0 0 0 0 0 0 0 0 0 0 0 
0 2 0 0 0 0 0 0 0 0 0 0 0 0 0 0 0 0 0 0 
0 0 0 0 0 0 0 0 0 0 0 0 0 0 0 0 0 0 0 0 
0 0 0 0 0 0 0 0 0 0 0 0 0 0 0 0 0 0 0 0 
0 34 0 0 0 0 0 0 0 0 0 0 0 0 0 0 0 0 0 0 
0 13 0 0 0 0 0 0 0 0 0 0 0 0 0 0 0 0 0 0 
0 0 0 0 0 0 0 0 0 0 0 0 0 0 0 0 0 0 0 0 
0 2299 983 226 39 2 0 0 0 0 0 0 0 0 0 0 0 0 0 0 
0 3243 849 134 3 0 0 0 0 0 0 0 0 0 0 0 0 0 0 0 
0 582 197 6 0 0 0 0 0 0 0 0 0 0 0 0 0 0 0 0 
0 15232 6573 643 21 0 0 0 0 0 0 0 0 0 0 0 0 0 0 0 
0 11330 6612 2984 767 0 0 0 0 0 0 0 0 0 0 0 0 0 0 0 
0 510 76 0 0 0 0 0 0 0 0 0 0 0 0 0 0 0 0 0 
0 10460 2460 355 56 0 0 0 0 0 0 0 0 0 0 0 0 0 0 0 
0 28607 10385 2580 294 33 0 0 0 0 0 0 0 0 0 0 0 0 0 0 
0 7829 3954 1220 108 2 0 0 0 0 0 0 0 0 0 0 0 0 0 0 
0 2188 857 267 35 0 0 0 0 0 0 0 0 0 0 0 0 0 0 0 
0 5213 1873 340 18 6 0 0 0 0 0 0 0 0 0 0 0 0 0 0 
0 16184 5445 1554 538 28 0 0 0 0 0 0 0 0 0 0 0 0 0 0 
0 0 0 0 0 0 0 0 0 0 0 0 0 0 0 0 0 0 0 0 
0 0 0 0 0 0 0 0 0 0 0 0 0 0 0 0 0 0 0 0 
0 0 0 0 0 0 0 0 0 0 0 0 0 0 0 0 0 0 0 0 
0 0 0 0 0 0 0 0 0 0 0 0 0 0 0 0 0 0 0 0 
0 0 0 0 0 0 0 0 0 0 0 0 0 0 0 0 0 0 0 0 
0 0 0 0 0 0 0 0 0 0 0 0 0 0 0 0 0 0 0 0 
0 0 0 0 0 0 0 0 0 0 0 0 0 0 0 0 0 0 0 0 
0 0 0 0 0 0 0 0 0 0 0 0 0 0 0 0 0 0 0 0 
0 0 0 0 0 0 0 0 0 0 0 0 0 0 0 0 0 0 0 0 
0 1864 950 251 16 0 0 0 0 0 0 0 0 0 0 0 0 0 0 0 
0 1872 947 247 16 0 0 0 0 0 0 0 0 0 0 0 0 0 0 0 
0 0 0 0 0 0 0 0 0 0 0 0 0 0 0 0 0 0 0 0 
0 26420 11685 2450 540 108 0 0 0 0 0 0 0 0 0 0 0 0 0 0 
0 6975 2740 711 118 7 0 0 0 0 0 0 0 0 0 0 0 0 0 0 
0 13613 6311 2175 258 5 0 0 0 0 0 0 0 0 0 0 0 0 0 0 
0 16755 7260 496 14 0 0 0 0 0 0 0 0 0 0 0 0 0 0 0 
0 0 0 0 0 0 0 0 0 0 0 0 0 0 0 0 0 0 0 0 
0 0 0 0 0 0 0 0 0 0 0 0 0 0 0 0 0 0 0 0 
0 0 0 0 0 0 0 0 0 0 0 0 0 0 0 0 0 0 0 0 
0 0 0 0 0 0 0 0 0 0 0 0 0 0 0 0 0 0 0 0 
0 2568 1485 516 25 0 0 0 0 0 0 0 0 0 0 0 0 0 0 0 
0 396 151 32 7 0 0 0 0 0 0 0 0 0 0 0 0 0 0 0 
0 19028 7430 1766 86 3 0 0 0 0 0 0 0 0 0 0 0 0 0 0 
0 143659 58104 20117 6582 429 0 0 0 0 0 0 0 0 0 0 0 0 0 0 
0 6933 2625 392 4 3 0 0 0 0 0 0 0 0 0 0 0 0 0 0 
0 24884 8801 901 32 3 0 0 0 0 0 0 0 0 0 0 0 0 0 0 
0 81197 36536 5866 189 0 0 0 0 0 0 0 0 0 0 0 0 0 0 0 
0 125328 53566 3140 140 15 0 0 0 0 0 0 0 0 0 0 0 0 0 0 
0 3269 1110 39 0 0 0 0 0 0 0 0 0 0 0 0 0 0 0 0 
0 1339 393 29 0 0 0 0 0 0 0 0 0 0 0 0 0 0 0 0 
0 2289 562 67 0 0 0 0 0 0 0 0 0 0 0 0 0 0 0 0 
0 3562 1424 124 3 0 0 0 0 0 0 0 0 0 0 0 0 0 0 0 
0 3277 1293 264 35 0 0 0 0 0 0 0 0 0 0 0 0 0 0 0 
0 779 331 21 3 0 0 0 0 0 0 0 0 0 0 0 0 0 0 0 
0 792 312 30 0 0 0 0 0 0 0 0 0 0 0 0 0 0 0 0 
0 22142 6928 463 4 0 0 0 0 0 0 0 0 0 0 0 0 0 0 0 
0 0 0 0 0 0 0 0 0 0 0 0 0 0 0 0 0 0 0 0 
0 0 0 0 0 0 0 0 0 0 0 0 0 0 0 0 0 0 0 0 
0 0 0 0 0 0 0 0 0 0 0 0 0 0 0 0 0 0 0 0 
0 0 0 0 0 0 0 0 0 0 0 0 0 0 0 0 0 0 0 0 
0 0 0 0 0 0 0 0 0 0 0 0 0 0 0 0 0 0 0 0 
0 0 0 0 0 0 0 0 0 0 0 0 0 0 0 0 0 0 0 0 
0 0 0 0 0 0 0 0 0 0 0 0 0 0 0 0 0 0 0 0 
0 0 0 0 0 0 0 0 0 0 0 0 0 0 0 0 0 0 0 0 
0 12009 4285 460 27 0 0 0 0 0 0 0 0 0 0 0 0 0 0 0 
0 3741 1346 159 1 0 0 0 0 0 0 0 0 0 0 0 0 0 0 0 
0 2522 1034 316 130 3 0 0 0 0 0 0 0 0 0 0 0 0 0 0 
0 1512 564 91 2 0 0 0 0 0 0 0 0 0 0 0 0 0 0 0 
0 486 190 65 16 0 0 0 0 0 0 0 0 0 0 0 0 0 0 0 
0 6198 2897 794 16 0 0 0 0 0 0 0 0 0 0 0 0 0 0 0 
0 892 254 18 0 0 0 0 0 0 0 0 0 0 0 0 0 0 0 0 
0 7617 2638 683 340 151 17 0 0 0 0 0 0 0 0 0 0 0 0 0 
0 0 0 0 0 0 0 0 0 0 0 0 0 0 0 0 0 0 0 0 
0 1187 525 178 14 0 0 0 0 0 0 0 0 0 0 0 0 0 0 0 
0 284 86 13 1 0 0 0 0 0 0 0 0 0 0 0 0 0 0 0 
0 10104 2486 278 55 6 0 0 0 0 0 0 0 0 0 0 0 0 0 0 
0 18587 7375 303 0 0 0 0 0 0 0 0 0 0 0 0 0 0 0 0 
0 4675 1686 66 0 0 0 0 0 0 0 0 0 0 0 0 0 0 0 0 
0 1551 112 0 0 0 0 0 0 0 0 0 0 0 0 0 0 0 0 0 
0 3494 1707 355 160 86 10 0 0 0 0 0 0 0 0 0 0 0 0 0 
0 5173 556 27 0 0 0 0 0 0 0 0 0 0 0 0 0 0 0 0 
0 62380 19814 1137 23 0 0 0 0 0 0 0 0 0 0 0 0 0 0 0 
0 13396 4536 497 41 2 0 0 0 0 0 0 0 0 0 0 0 0 0 0 
0 19653 6907 1124 111 0 0 0 0 0 0 0 0 0 0 0 0 0 0 0 
0 10209 4006 492 34 10 0 0 0 0 0 0 0 0 0 0 0 0 0 0 
0 5617 2800 373 15 0 0 0 0 0 0 0 0 0 0 0 0 0 0 0 
0 1491 433 61 1 0 0 0 0 0 0 0 0 0 0 0 0 0 0 0 
0 96498 32080 6875 73 14 0 0 0 0 0 0 0 0 0 0 0 0 0 0 
0 2299 983 226 39 2 0 0 0 0 0 0 0 0 0 0 0 0 0 0 
0 3243 849 134 3 0 0 0 0 0 0 0 0 0 0 0 0 0 0 0 
0 582 197 6 0 0 0 0 0 0 0 0 0 0 0 0 0 0 0 0 
0 15232 6573 643 21 0 0 0 0 0 0 0 0 0 0 0 0 0 0 0 
0 11330 6612 2984 767 0 0 0 0 0 0 0 0 0 0 0 0 0 0 0 
0 510 76 0 0 0 0 0 0 0 0 0 0 0 0 0 0 0 0 0 
0 10460 2460 355 56 0 0 0 0 0 0 0 0 0 0 0 0 0 0 0 
0 28607 10385 2580 294 33 0 0 0 0 0 0 0 0 0 0 0 0 0 0 
0 7829 3954 1220 108 2 0 0 0 0 0 0 0 0 0 0 0 0 0 0 
0 2188 857 267 35 0 0 0 0 0 0 0 0 0 0 0 0 0 0 0 
0 5213 1873 340 18 6 0 0 0 0 0 0 0 0 0 0 0 0 0 0 
0 16184 5445 1554 538 28 0 0 0 0 0 0 0 0 0 0 0 0 0 0 
0 2277 1179 199 3 0 0 0 0 0 0 0 0 0 0 0 0 0 0 0 
0 23257 8671 152 0 0 0 0 0 0 0 0 0 0 0 0 0 0 0 0 
0 45777 16655 725 0 0 0 0 0 0 0 0 0 0 0 0 0 0 0 0 
0 24490 8139 723 26 0 0 0 0 0 0 0 0 0 0 0 0 0 0 0 
0 0 0 0 0 0 0 0 0 0 0 0 0 0 0 0 0 0 0 0 
0 0 0 0 0 0 0 0 0 0 0 0 0 0 0 0 0 0 0 0 
0 0 0 0 0 0 0 0 0 0 0 0 0 0 0 0 0 0 0 0 
0 0 0 0 0 0 0 0 0 0 0 0 0 0 0 0 0 0 0 0 
0 12972 6348 1992 210 3 0 0 0 0 0 0 0 0 0 0 0 0 0 0 
0 230519 74346 4995 2002 164 0 0 0 0 0 0 0 0 0 0 0 0 0 0 
0 29827 10298 2258 54 0 0 0 0 0 0 0 0 0 0 0 0 0 0 0 
0 72756 29799 5706 1221 300 0 0 0 0 0 0 0 0 0 0 0 0 0 0 
0 26420 11685 2450 540 108 0 0 0 0 0 0 0 0 0 0 0 0 0 0 
0 6975 2740 711 118 7 0 0 0 0 0 0 0 0 0 0 0 0 0 0 
0 13613 6311 2175 258 5 0 0 0 0 0 0 0 0 0 0 0 0 0 0 
0 16755 7260 496 14 0 0 0 0 0 0 0 0 0 0 0 0 0 0 0 
0 0 0 0 0 0 0 0 0 0 0 0 0 0 0 0 0 0 0 0 
0 0 0 0 0 0 0 0 0 0 0 0 0 0 0 0 0 0 0 0 
0 0 0 0 0 0 0 0 0 0 0 0 0 0 0 0 0 0 0 0 
0 0 0 0 0 0 0 0 0 0 0 0 0 0 0 0 0 0 0 0 
0 2568 1485 516 25 0 0 0 0 0 0 0 0 0 0 0 0 0 0 0 
0 396 151 32 7 0 0 0 0 0 0 0 0 0 0 0 0 0 0 0 
0 19028 7430 1766 86 3 0 0 0 0 0 0 0 0 0 0 0 0 0 0 
0 143659 58104 20117 6582 429 0 0 0 0 0 0 0 0 0 0 0 0 0 0 
0 6933 2625 392 4 3 0 0 0 0 0 0 0 0 0 0 0 0 0 0 
0 24884 8801 901 32 3 0 0 0 0 0 0 0 0 0 0 0 0 0 0 
0 81197 36536 5866 189 0 0 0 0 0 0 0 0 0 0 0 0 0 0 0 
0 125328 53566 3140 140 15 0 0 0 0 0 0 0 0 0 0 0 0 0 0 
0 3269 1110 39 0 0 0 0 0 0 0 0 0 0 0 0 0 0 0 0 
0 1339 393 29 0 0 0 0 0 0 0 0 0 0 0 0 0 0 0 0 
0 2289 562 67 0 0 0 0 0 0 0 0 0 0 0 0 0 0 0 0 
0 3562 1424 124 3 0 0 0 0 0 0 0 0 0 0 0 0 0 0 0 
0 3277 1293 264 35 0 0 0 0 0 0 0 0 0 0 0 0 0 0 0 
0 779 331 21 3 0 0 0 0 0 0 0 0 0 0 0 0 0 0 0 
0 792 312 30 0 0 0 0 0 0 0 0 0 0 0 0 0 0 0 0 
0 22142 6928 463 4 0 0 0 0 0 0 0 0 0 0 0 0 0 0 0 
0 12009 4285 460 27 0 0 0 0 0 0 0 0 0 0 0 0 0 0 0 
0 4552 1709 389 106 3 0 0 0 0 0 0 0 0 0 0 0 0 0 0 
0 2073 782 91 25 0 0 0 0 0 0 0 0 0 0 0 0 0 0 0 
0 38369 13361 1454 366 49 0 0 0 0 0 0 0 0 0 0 0 0 0 0 
0 486 190 65 16 0 0 0 0 0 0 0 0 0 0 0 0 0 0 0 
0 6198 2897 794 16 0 0 0 0 0 0 0 0 0 0 0 0 0 0 0 
0 892 254 18 0 0 0 0 0 0 0 0 0 0 0 0 0 0 0 0 
0 8431 3004 683 340 151 17 0 0 0 0 0 0 0 0 0 0 0 0 0 
0 1411 314 0 0 0 0 0 0 0 0 0 0 0 0 0 0 0 0 0 
0 213 30 0 0 0 0 0 0 0 0 0 0 0 0 0 0 0 0 0 
0 2831 738 0 0 0 0 0 0 0 0 0 0 0 0 0 0 0 0 0 
0 436 123 0 0 0 0 0 0 0 0 0 0 0 0 0 0 0 0 0 
0 0 0 0 0 0 0 0 0 0 0 0 0 0 0 0 0 0 0 0 
0 2 0 0 0 0 0 0 0 0 0 0 0 0 0 0 0 0 0 0 
0 0 0 0 0 0 0 0 0 0 0 0 0 0 0 0 0 0 0 0 
0 0 0 0 0 0 0 0 0 0 0 0 0 0 0 0 0 0 0 0 
0 0 0 0 0 0 0 0 0 0 0 0 0 0 0 0 0 0 0 0 
0 1187 525 178 14 0 0 0 0 0 0 0 0 0 0 0 0 0 0 0 
0 284 86 13 1 0 0 0 0 0 0 0 0 0 0 0 0 0 0 0 
0 10104 2486 278 55 6 0 0 0 0 0 0 0 0 0 0 0 0 0 0 
0 18587 7375 303 0 0 0 0 0 0 0 0 0 0 0 0 0 0 0 0 
0 4675 1686 66 0 0 0 0 0 0 0 0 0 0 0 0 0 0 0 0 
0 1551 112 0 0 0 0 0 0 0 0 0 0 0 0 0 0 0 0 0 
0 3494 1707 355 160 86 10 0 0 0 0 0 0 0 0 0 0 0 0 0 
0 18 0 0 0 0 0 0 0 0 0 0 0 0 0 0 0 0 0 0 
0 1 0 0 0 0 0 0 0 0 0 0 0 0 0 0 0 0 0 0 
0 2 0 0 0 0 0 0 0 0 0 0 0 0 0 0 0 0 0 0 
0 0 0 0 0 0 0 0 0 0 0 0 0 0 0 0 0 0 0 0 
0 0 0 0 0 0 0 0 0 0 0 0 0 0 0 0 0 0 0 0 
0 34 0 0 0 0 0 0 0 0 0 0 0 0 0 0 0 0 0 0 
0 13 0 0 0 0 0 0 0 0 0 0 0 0 0 0 0 0 0 0 
0 0 0 0 0 0 0 0 0 0 0 0 0 0 0 0 0 0 0 0 
0 2299 983 226 39 2 0 0 0 0 0 0 0 0 0 0 0 0 0 0 
0 3243 849 134 3 0 0 0 0 0 0 0 0 0 0 0 0 0 0 0 
0 582 197 6 0 0 0 0 0 0 0 0 0 0 0 0 0 0 0 0 
0 15232 6573 643 21 0 0 0 0 0 0 0 0 0 0 0 0 0 0 0 
0 11330 6612 2984 767 0 0 0 0 0 0 0 0 0 0 0 0 0 0 0 
0 510 76 0 0 0 0 0 0 0 0 0 0 0 0 0 0 0 0 0 
0 10460 2460 355 56 0 0 0 0 0 0 0 0 0 0 0 0 0 0 0 
0 28607 10385 2580 294 33 0 0 0 0 0 0 0 0 0 0 0 0 0 0 
0 7829 3954 1220 108 2 0 0 0 0 0 0 0 0 0 0 0 0 0 0 
0 2188 857 267 35 0 0 0 0 0 0 0 0 0 0 0 0 0 0 0 
0 5213 1873 340 18 6 0 0 0 0 0 0 0 0 0 0 0 0 0 0 
0 16184 5445 1554 538 28 0 0 0 0 0 0 0 0 0 0 0 0 0 0 
0 0 0 0 0 0 0 0 0 0 0 0 0 0 0 0 0 0 0 0 
0 0 0 0 0 0 0 0 0 0 0 0 0 0 0 0 0 0 0 0 
0 0 0 0 0 0 0 0 0 0 0 0 0 0 0 0 0 0 0 0 
0 0 0 0 0 0 0 0 0 0 0 0 0 0 0 0 0 0 0 0 
0 0 0 0 0 0 0 0 0 0 0 0 0 0 0 0 0 0 0 0 
0 0 0 0 0 0 0 0 0 0 0 0 0 0 0 0 0 0 0 0 
0 0 0 0 0 0 0 0 0 0 0 0 0 0 0 0 0 0 0 0 
0 0 0 0 0 0 0 0 0 0 0 0 0 0 0 0 0 0 0 0 
0 0 0 0 0 0 0 0 0 0 0 0 0 0 0 0 0 0 0 0 
0 1864 950 251 16 0 0 0 0 0 0 0 0 0 0 0 0 0 0 0 
0 1872 947 247 16 0 0 0 0 0 0 0 0 0 0 0 0 0 0 0 
0 0 0 0 0 0 0 0 0 0 0 0 0 0 0 0 0 0 0 0 
0 26420 11685 2450 540 108 0 0 0 0 0 0 0 0 0 0 0 0 0 0 
0 6975 2740 711 118 7 0 0 0 0 0 0 0 0 0 0 0 0 0 0 
0 13613 6311 2175 258 5 0 0 0 0 0 0 0 0 0 0 0 0 0 0 
0 16755 7260 496 14 0 0 0 0 0 0 0 0 0 0 0 0 0 0 0 
0 0 0 0 0 0 0 0 0 0 0 0 0 0 0 0 0 0 0 0 
0 0 0 0 0 0 0 0 0 0 0 0 0 0 0 0 0 0 0 0 
0 0 0 0 0 0 0 0 0 0 0 0 0 0 0 0 0 0 0 0 
0 0 0 0 0 0 0 0 0 0 0 0 0 0 0 0 0 0 0 0 
0 2568 1485 516 25 0 0 0 0 0 0 0 0 0 0 0 0 0 0 0 
0 396 151 32 7 0 0 0 0 0 0 0 0 0 0 0 0 0 0 0 
0 19028 7430 1766 86 3 0 0 0 0 0 0 0 0 0 0 0 0 0 0 
0 143659 58104 20117 6582 429 0 0 0 0 0 0 0 0 0 0 0 0 0 0 
0 6933 2625 392 4 3 0 0 0 0 0 0 0 0 0 0 0 0 0 0 
0 24884 8801 901 32 3 0 0 0 0 0 0 0 0 0 0 0 0 0 0 
0 81197 36536 5866 189 0 0 0 0 0 0 0 0 0 0 0 0 0 0 0 
0 125328 53566 3140 140 15 0 0 0 0 0 0 0 0 0 0 0 0 0 0 
0 3269 1110 39 0 0 0 0 0 0 0 0 0 0 0 0 0 0 0 0 
0 1339 393 29 0 0 0 0 0 0 0 0 0 0 0 0 0 0 0 0 
0 2289 562 67 0 0 0 0 0 0 0 0 0 0 0 0 0 0 0 0 
0 3562 1424 124 3 0 0 0 0 0 0 0 0 0 0 0 0 0 0 0 
0 3277 1293 264 35 0 0 0 0 0 0 0 0 0 0 0 0 0 0 0 
0 779 331 21 3 0 0 0 0 0 0 0 0 0 0 0 0 0 0 0 
0 792 312 30 0 0 0 0 0 0 0 0 0 0 0 0 0 0 0 0 
0 22142 6928 463 4 0 0 0 0 0 0 0 0 0 0 0 0 0 0 0 
0 12009 4285 460 27 0 0 0 0 0 0 0 0 0 0 0 0 0 0 0 
0 3741 1346 159 1 0 0 0 0 0 0 0 0 0 0 0 0 0 0 0 
0 2522 1034 316 130 3 0 0 0 0 0 0 0 0 0 0 0 0 0 0 
0 1512 564 91 2 0 0 0 0 0 0 0 0 0 0 0 0 0 0 0 
0 486 190 65 16 0 0 0 0 0 0 0 0 0 0 0 0 0 0 0 
0 6198 2897 794 16 0 0 0 0 0 0 0 0 0 0 0 0 0 0 0 
0 892 254 18 0 0 0 0 0 0 0 0 0 0 0 0 0 0 0 0 
0 7617 2638 683 340 151 17 0 0 0 0 0 0 0 0 0 0 0 0 0 
0 0 0 0 0 0 0 0 0 0 0 0 0 0 0 0 0 0 0 0 
0 1187 525 178 14 0 0 0 0 0 0 0 0 0 0 0 0 0 0 0 
0 284 86 13 1 0 0 0 0 0 0 0 0 0 0 0 0 0 0 0 
0 10104 2486 278 55 6 0 0 0 0 0 0 0 0 0 0 0 0 0 0 
0 18587 7375 303 0 0 0 0 0 0 0 0 0 0 0 0 0 0 0 0 
0 4675 1686 66 0 0 0 0 0 0 0 0 0 0 0 0 0 0 0 0 
0 1551 112 0 0 0 0 0 0 0 0 0 0 0 0 0 0 0 0 0 
0 3494 1707 355 160 86 10 0 0 0 0 0 0 0 0 0 0 0 0 0 
0 5173 556 27 0 0 0 0 0 0 0 0 0 0 0 0 0 0 0 0 
0 62380 19814 1137 23 0 0 0 0 0 0 0 0 0 0 0 0 0 0 0 
0 13396 4536 497 41 2 0 0 0 0 0 0 0 0 0 0 0 0 0 0 
0 19653 6907 1124 111 0 0 0 0 0 0 0 0 0 0 0 0 0 0 0 
0 10209 4006 492 34 10 0 0 0 0 0 0 0 0 0 0 0 0 0 0 
0 5617 2800 373 15 0 0 0 0 0 0 0 0 0 0 0 0 0 0 0 
0 1491 433 61 1 0 0 0 0 0 0 0 0 0 0 0 0 0 0 0 
0 96498 32080 6875 73 14 0 0 0 0 0 0 0 0 0 0 0 0 0 0 
0 2299 983 226 39 2 0 0 0 0 0 0 0 0 0 0 0 0 0 0 
0 3243 849 134 3 0 0 0 0 0 0 0 0 0 0 0 0 0 0 0 
0 582 197 6 0 0 0 0 0 0 0 0 0 0 0 0 0 0 0 0 
0 15232 6573 643 21 0 0 0 0 0 0 0 0 0 0 0 0 0 0 0 
0 11330 6612 2984 767 0 0 0 0 0 0 0 0 0 0 0 0 0 0 0 
0 510 76 0 0 0 0 0 0 0 0 0 0 0 0 0 0 0 0 0 
0 10460 2460 355 56 0 0 0 0 0 0 0 0 0 0 0 0 0 0 0 
0 28607 10385 2580 294 33 0 0 0 0 0 0 0 0 0 0 0 0 0 0 
0 7829 3954 1220 108 2 0 0 0 0 0 0 0 0 0 0 0 0 0 0 
0 2188 857 267 35 0 0 0 0 0 0 0 0 0 0 0 0 0 0 0 
0 5213 1873 340 18 6 0 0 0 0 0 0 0 0 0 0 0 0 0 0 
0 16184 5445 1554 538 28 0 0 0 0 0 0 0 0 0 0 0 0 0 0 
0 2277 1179 199 3 0 0 0 0 0 0 0 0 0 0 0 0 0 0 0 
0 23257 8671 152 0 0 0 0 0 0 0 0 0 0 0 0 0 0 0 0 
0 45777 16655 725 0 0 0 0 0 0 0 0 0 0 0 0 0 0 0 0 
0 24490 8139 723 26 0 0 0 0 0 0 0 0 0 0 0 0 0 0 0 
0 2610 1137 386 31 0 0 0 0 0 0 0 0 0 0 0 0 0 0 0 
0 3574 1188 20 0 0 0 0 0 0 0 0 0 0 0 0 0 0 0 0 
0 29026 10545 2571 984 2 0 0 0 0 0 0 0 0 0 0 0 0 0 0 
0 982 193 0 0 0 0 0 0 0 0 0 0 0 0 0 0 0 0 0 
0 12972 6348 1992 210 3 0 0 0 0 0 0 0 0 0 0 0 0 0 0 
0 230519 74346 4995 2002 164 0 0 0 0 0 0 0 0 0 0 0 0 0 0 
0 29827 10298 2258 54 0 0 0 0 0 0 0 0 0 0 0 0 0 0 0 
0 72756 29799 5706 1221 300 0 0 0 0 0 0 0 0 0 0 0 0 0 0 
0 26420 11685 2450 540 108 0 0 0 0 0 0 0 0 0 0 0 0 0 0 
0 6975 2740 711 118 7 0 0 0 0 0 0 0 0 0 0 0 0 0 0 
0 13613 6311 2175 258 5 0 0 0 0 0 0 0 0 0 0 0 0 0 0 
0 16755 7260 496 14 0 0 0 0 0 0 0 0 0 0 0 0 0 0 0 
0 11033 5290 2001 120 3 0 0 0 0 0 0 0 0 0 0 0 0 0 0 
0 20209 8014 2048 401 1 0 0 0 0 0 0 0 0 0 0 0 0 0 0 
0 172426 74956 25251 11137 2111 0 0 0 0 0 0 0 0 0 0 0 0 0 0 
0 11745 3944 854 421 165 0 0 0 0 0 0 0 0 0 0 0 0 0 0 
0 2568 1485 516 25 0 0 0 0 0 0 0 0 0 0 0 0 0 0 0 
0 396 151 32 7 0 0 0 0 0 0 0 0 0 0 0 0 0 0 0 
0 19028 7430 1766 86 3 0 0 0 0 0 0 0 0 0 0 0 0 0 0 
0 143659 58104 20117 6582 429 0 0 0 0 0 0 0 0 0 0 0 0 0 0 
0 6933 2625 392 4 3 0 0 0 0 0 0 0 0 0 0 0 0 0 0 
0 24884 8801 901 32 3 0 0 0 0 0 0 0 0 0 0 0 0 0 0 
0 81197 36536 5866 189 0 0 0 0 0 0 0 0 0 0 0 0 0 0 0 
0 125328 53566 3140 140 15 0 0 0 0 0 0 0 0 0 0 0 0 0 0 
0 3269 1110 39 0 0 0 0 0 0 0 0 0 0 0 0 0 0 0 0 
0 1339 393 29 0 0 0 0 0 0 0 0 0 0 0 0 0 0 0 0 
0 2289 562 67 0 0 0 0 0 0 0 0 0 0 0 0 0 0 0 0 
0 3562 1424 124 3 0 0 0 0 0 0 0 0 0 0 0 0 0 0 0 
0 3277 1293 264 35 0 0 0 0 0 0 0 0 0 0 0 0 0 0 0 
0 779 331 21 3 0 0 0 0 0 0 0 0 0 0 0 0 0 0 0 
0 792 312 30 0 0 0 0 0 0 0 0 0 0 0 0 0 0 0 0 
0 22142 6928 463 4 0 0 0 0 0 0 0 0 0 0 0 0 0 0 0 
0 12009 4285 460 27 0 0 0 0 0 0 0 0 0 0 0 0 0 0 0 
0 3741 1346 159 1 0 0 0 0 0 0 0 0 0 0 0 0 0 0 0 
0 2522 1034 316 130 3 0 0 0 0 0 0 0 0 0 0 0 0 0 0 
0 1512 564 91 2 0 0 0 0 0 0 0 0 0 0 0 0 0 0 0 
0 486 190 65 16 0 0 0 0 0 0 0 0 0 0 0 0 0 0 0 
0 6198 2897 794 16 0 0 0 0 0 0 0 0 0 0 0 0 0 0 0 
0 892 254 18 0 0 0 0 0 0 0 0 0 0 0 0 0 0 0 0 
0 7617 2638 683 340 151 17 0 0 0 0 0 0 0 0 0 0 0 0 0 
0 12009 4285 460 27 0 0 0 0 0 0 0 0 0 0 0 0 0 0 0 
0 3741 1346 159 1 0 0 0 0 0 0 0 0 0 0 0 0 0 0 0 
0 2522 1034 316 130 3 0 0 0 0 0 0 0 0 0 0 0 0 0 0 
0 1512 564 91 2 0 0 0 0 0 0 0 0 0 0 0 0 0 0 0 
0 12009 4285 460 27 0 0 0 0 0 0 0 0 0 0 0 0 0 0 0 
0 3741 1346 159 1 0 0 0 0 0 0 0 0 0 0 0 0 0 0 0 
0 2522 1034 316 130 3 0 0 0 0 0 0 0 0 0 0 0 0 0 0 
0 1512 564 91 2 0 0 0 0 0 0 0 0 0 0 0 0 0 0 0 
0 10732 3989 460 27 0 0 0 0 0 0 0 0 0 0 0 0 0 0 0 
0 3741 1346 159 1 0 0 0 0 0 0 0 0 0 0 0 0 0 0 0 
0 2522 1034 316 130 3 0 0 0 0 0 0 0 0 0 0 0 0 0 0 
0 1512 564 91 2 0 0 0 0 0 0 0 0 0 0 0 0 0 0 0 
0 480 190 65 16 0 0 0 0 0 0 0 0 0 0 0 0 0 0 0 
0 6198 2897 794 16 0 0 0 0 0 0 0 0 0 0 0 0 0 0 0 
0 892 254 18 0 0 0 0 0 0 0 0 0 0 0 0 0 0 0 0 
0 7617 2638 683 340 151 17 0 0 0 0 0 0 0 0 0 0 0 0 0 
0 0 0 0 0 0 0 0 0 0 0 0 0 0 0 0 0 0 0 0 
0 1187 525 178 14 0 0 0 0 0 0 0 0 0 0 0 0 0 0 0 
0 284 86 13 1 0 0 0 0 0 0 0 0 0 0 0 0 0 0 0 
0 10104 2486 278 55 6 0 0 0 0 0 0 0 0 0 0 0 0 0 0 
0 18549 7373 303 0 0 0 0 0 0 0 0 0 0 0 0 0 0 0 0 
0 4675 1686 66 0 0 0 0 0 0 0 0 0 0 0 0 0 0 0 0 
0 1551 112 0 0 0 0 0 0 0 0 0 0 0 0 0 0 0 0 0 
0 3494 1707 355 160 86 10 0 0 0 0 0 0 0 0 0 0 0 0 0 
0 5155 556 27 0 0 0 0 0 0 0 0 0 0 0 0 0 0 0 0 
0 62349 19814 1137 23 0 0 0 0 0 0 0 0 0 0 0 0 0 0 0 
0 13399 4537 497 41 2 0 0 0 0 0 0 0 0 0 0 0 0 0 0 
0 19650 6906 1124 111 0 0 0 0 0 0 0 0 0 0 0 0 0 0 0 
0 10117 4006 492 34 10 0 0 0 0 0 0 0 0 0 0 0 0 0 0 
0 5617 2800 373 15 0 0 0 0 0 0 0 0 0 0 0 0 0 0 0 
0 1493 434 63 2 0 0 0 0 0 0 0 0 0 0 0 0 0 0 0 
0 96496 32079 6873 72 14 0 0 0 0 0 0 0 0 0 0 0 0 0 0 
0 2299 983 226 39 2 0 0 0 0 0 0 0 0 0 0 0 0 0 0 
0 3243 849 134 3 0 0 0 0 0 0 0 0 0 0 0 0 0 0 0 
0 582 197 6 0 0 0 0 0 0 0 0 0 0 0 0 0 0 0 0 
0 15232 6573 643 21 0 0 0 0 0 0 0 0 0 0 0 0 0 0 0 
0 9562 5895 2972 767 0 0 0 0 0 0 0 0 0 0 0 0 0 0 0 
0 510 76 0 0 0 0 0 0 0 0 0 0 0 0 0 0 0 0 0 
0 10460 2460 355 56 0 0 0 0 0 0 0 0 0 0 0 0 0 0 0 
0 28607 10385 2580 294 33 0 0 0 0 0 0 0 0 0 0 0 0 0 0 
0 6501 3087 1067 108 2 0 0 0 0 0 0 0 0 0 0 0 0 0 0 
0 2188 857 267 35 0 0 0 0 0 0 0 0 0 0 0 0 0 0 0 
0 5213 1873 340 18 6 0 0 0 0 0 0 0 0 0 0 0 0 0 0 
0 16184 5445 1554 538 28 0 0 0 0 0 0 0 0 0 0 0 0 0 0 
0 2175 1158 199 3 0 0 0 0 0 0 0 0 0 0 0 0 0 0 0 
0 23257 8671 152 0 0 0 0 0 0 0 0 0 0 0 0 0 0 0 0 
0 45777 16655 725 0 0 0 0 0 0 0 0 0 0 0 0 0 0 0 0 
0 24490 8139 723 26 0 0 0 0 0 0 0 0 0 0 0 0 0 0 0 
0 2610 1137 386 31 0 0 0 0 0 0 0 0 0 0 0 0 0 0 0 
0 3574 1188 20 0 0 0 0 0 0 0 0 0 0 0 0 0 0 0 0 
0 29026 10545 2571 984 2 0 0 0 0 0 0 0 0 0 0 0 0 0 0 
0 982 193 0 0 0 0 0 0 0 0 0 0 0 0 0 0 0 0 0 
0 9193 4417 1531 187 3 0 0 0 0 0 0 0 0 0 0 0 0 0 0 
0 230519 74346 4995 2002 164 0 0 0 0 0 0 0 0 0 0 0 0 0 0 
0 29839 10299 2258 54 0 0 0 0 0 0 0 0 0 0 0 0 0 0 0 
0 72744 29798 5706 1221 300 0 0 0 0 0 0 0 0 0 0 0 0 0 0 
0 24611 10709 2268 528 108 0 0 0 0 0 0 0 0 0 0 0 0 0 0 
0 6975 2740 711 118 7 0 0 0 0 0 0 0 0 0 0 0 0 0 0 
0 13613 6311 2175 258 5 0 0 0 0 0 0 0 0 0 0 0 0 0 0 
0 16755 7260 496 14 0 0 0 0 0 0 0 0 0 0 0 0 0 0 0 
0 11331 5360 2002 120 3 0 0 0 0 0 0 0 0 0 0 0 0 0 0 
0 20682 8249 2068 401 1 0 0 0 0 0 0 0 0 0 0 0 0 0 0 
0 171651 74651 25230 11137 2111 0 0 0 0 0 0 0 0 0 0 0 0 0 0 
0 11745 3944 854 421 165 0 0 0 0 0 0 0 0 0 0 0 0 0 0 
0 1251 598 157 2 0 0 0 0 0 0 0 0 0 0 0 0 0 0 0 
0 396 151 32 7 0 0 0 0 0 0 0 0 0 0 0 0 0 0 0 
0 19028 7430 1766 86 3 0 0 0 0 0 0 0 0 0 0 0 0 0 0 
0 143659 58104 20117 6582 429 0 0 0 0 0 0 0 0 0 0 0 0 0 0 
0 5593 1937 279 4 3 0 0 0 0 0 0 0 0 0 0 0 0 0 0 
0 24884 8801 901 32 3 0 0 0 0 0 0 0 0 0 0 0 0 0 0 
0 81197 36536 5866 189 0 0 0 0 0 0 0 0 0 0 0 0 0 0 0 
0 125328 53566 3140 140 15 0 0 0 0 0 0 0 0 0 0 0 0 0 0 
0 3265 1110 39 0 0 0 0 0 0 0 0 0 0 0 0 0 0 0 0 
0 1339 393 29 0 0 0 0 0 0 0 0 0 0 0 0 0 0 0 0 
0 2289 562 67 0 0 0 0 0 0 0 0 0 0 0 0 0 0 0 0 
0 3562 1424 124 3 0 0 0 0 0 0 0 0 0 0 0 0 0 0 0 
0 1178 440 76 9 0 0 0 0 0 0 0 0 0 0 0 0 0 0 0 
0 778 331 21 3 0 0 0 0 0 0 0 0 0 0 0 0 0 0 0 
0 792 312 30 0 0 0 0 0 0 0 0 0 0 0 0 0 0 0 0 
0 22142 6928 463 4 0 0 0 0 0 0 0 0 0 0 0 0 0 0 0 
