0 109782 44143 8806 459 0 0 0 0 0 0 0 0 0 0 0 0 0 0 0 
0 80725 31603 6822 1295 42 0 0 0 0 0 0 0 0 0 0 0 0 0 0 
0 53279 20656 2912 753 133 0 0 0 0 0 0 0 0 0 0 0 0 0 0 
0 417872 157825 10906 1358 67 0 0 0 0 0 0 0 0 0 0 0 0 0 0 
0 112063 64779 29530 13363 1941 0 0 0 0 0 0 0 0 0 0 0 0 0 0 
0 158880 66815 7946 2461 444 0 0 0 0 0 0 0 0 0 0 0 0 0 0 
0 13299 5040 146 0 0 0 0 0 0 0 0 0 0 0 0 0 0 0 0 
0 140468 53727 5076 56 0 0 0 0 0 0 0 0 0 0 0 0 0 0 0 
0 109782 44143 8806 459 0 0 0 0 0 0 0 0 0 0 0 0 0 0 0 
0 80725 31603 6822 1295 42 0 0 0 0 0 0 0 0 0 0 0 0 0 0 
0 53279 20656 2912 753 133 0 0 0 0 0 0 0 0 0 0 0 0 0 0 
0 417872 157825 10906 1358 67 0 0 0 0 0 0 0 0 0 0 0 0 0 0 
0 109782 44143 8806 459 0 0 0 0 0 0 0 0 0 0 0 0 0 0 0 
0 80725 31603 6822 1295 42 0 0 0 0 0 0 0 0 0 0 0 0 0 0 
0 53279 20656 2912 753 133 0 0 0 0 0 0 0 0 0 0 0 0 0 0 
0 417872 157825 10906 1358 67 0 0 0 0 0 0 0 0 0 0 0 0 0 0 
0 45302 16323 5425 725 0 0 0 0 0 0 0 0 0 0 0 0 0 0 0 
0 36193 13403 3592 997 184 17 0 0 0 0 0 0 0 0 0 0 0 0 0 
0 83069 39926 16498 1315 0 0 0 0 0 0 0 0 0 0 0 0 0 0 0 
0 27607 13784 3067 183 0 0 0 0 0 0 0 0 0 0 0 0 0 0 0 
0 927 105 6 0 0 0 0 0 0 0 0 0 0 0 0 0 0 0 0 
0 42127 17250 2124 99 15 0 0 0 0 0 0 0 0 0 0 0 0 0 0 
0 37774 15853 1561 33 0 0 0 0 0 0 0 0 0 0 0 0 0 0 0 
0 63035 30044 4933 72 0 0 0 0 0 0 0 0 0 0 0 0 0 0 0 
0 78069 30387 2319 9 0 0 0 0 0 0 0 0 0 0 0 0 0 0 0 
0 11445 3986 392 189 91 4 0 0 0 0 0 0 0 0 0 0 0 0 0 
0 49891 22673 4889 1930 1210 26 0 0 0 0 0 0 0 0 0 0 0 0 0 
0 33 0 0 0 0 0 0 0 0 0 0 0 0 0 0 0 0 0 0 
0 118308 47849 12656 2066 185 3 0 0 0 0 0 0 0 0 0 0 0 0 0 
0 209462 73461 7905 746 8 0 0 0 0 0 0 0 0 0 0 0 0 0 0 
0 266954 106729 26816 5026 88 0 0 0 0 0 0 0 0 0 0 0 0 0 0 
0 199699 85662 7929 364 13 0 0 0 0 0 0 0 0 0 0 0 0 0 0 
0 77079 36953 13071 5021 1140 1 0 0 0 0 0 0 0 0 0 0 0 0 0 
0 57692 20467 4803 414 19 0 0 0 0 0 0 0 0 0 0 0 0 0 0 
0 141830 53821 12101 1378 15 0 0 0 0 0 0 0 0 0 0 0 0 0 0 
0 282213 108745 21928 357 0 0 0 0 0 0 0 0 0 0 0 0 0 0 0 
0 26810 7866 1514 211 10 0 0 0 0 0 0 0 0 0 0 0 0 0 0 
0 64611 24537 6897 1252 70 0 0 0 0 0 0 0 0 0 0 0 0 0 0 
0 44771 17197 3237 131 2 0 0 0 0 0 0 0 0 0 0 0 0 0 0 
0 67919 37262 11165 574 5 0 0 0 0 0 0 0 0 0 0 0 0 0 0 
0 28490 9656 2790 342 0 0 0 0 0 0 0 0 0 0 0 0 0 0 0 
0 63228 14213 1601 88 0 0 0 0 0 0 0 0 0 0 0 0 0 0 0 
0 50608 13519 2347 232 0 0 0 0 0 0 0 0 0 0 0 0 0 0 0 
0 16762 3295 487 1 0 0 0 0 0 0 0 0 0 0 0 0 0 0 0 
0 167729 56436 11819 309 0 0 0 0 0 0 0 0 0 0 0 0 0 0 0 
0 167594 51590 6063 186 0 0 0 0 0 0 0 0 0 0 0 0 0 0 0 
0 75932 24121 3730 28 0 0 0 0 0 0 0 0 0 0 0 0 0 0 0 
0 37842 9712 597 0 0 0 0 0 0 0 0 0 0 0 0 0 0 0 0 
0 15383 5873 108 0 0 0 0 0 0 0 0 0 0 0 0 0 0 0 0 
0 151093 37258 2925 62 1 0 0 0 0 0 0 0 0 0 0 0 0 0 0 
0 155775 40708 3295 199 0 0 0 0 0 0 0 0 0 0 0 0 0 0 0 
0 39686 13029 2757 68 0 0 0 0 0 0 0 0 0 0 0 0 0 0 0 
0 500136 122217 10737 543 0 0 0 0 0 0 0 0 0 0 0 0 0 0 0 
0 364205 111580 11570 365 0 0 0 0 0 0 0 0 0 0 0 0 0 0 0 
0 270862 84250 17918 1068 0 0 0 0 0 0 0 0 0 0 0 0 0 0 0 
0 126838 43148 11917 517 0 0 0 0 0 0 0 0 0 0 0 0 0 0 0 
0 164779 35795 4653 211 0 0 0 0 0 0 0 0 0 0 0 0 0 0 0 
0 477446 68569 2284 121 0 0 0 0 0 0 0 0 0 0 0 0 0 0 0 
0 207623 59283 6436 314 0 0 0 0 0 0 0 0 0 0 0 0 0 0 0 
0 49128 11325 1802 81 0 0 0 0 0 0 0 0 0 0 0 0 0 0 0 
0 255083 80748 9683 433 0 0 0 0 0 0 0 0 0 0 0 0 0 0 0 
0 252599 79442 9157 48 0 0 0 0 0 0 0 0 0 0 0 0 0 0 0 
0 269712 94211 11848 386 0 0 0 0 0 0 0 0 0 0 0 0 0 0 0 
0 558614 202835 42670 1771 6 0 0 0 0 0 0 0 0 0 0 0 0 0 0 
0 0 0 0 0 0 0 0 0 0 0 0 0 0 0 0 0 0 0 0 
0 54247 13778 119 0 0 0 0 0 0 0 0 0 0 0 0 0 0 0 0 
0 0 0 0 0 0 0 0 0 0 0 0 0 0 0 0 0 0 0 0 
0 0 0 0 0 0 0 0 0 0 0 0 0 0 0 0 0 0 0 0 
0 79708 22333 2625 21 0 0 0 0 0 0 0 0 0 0 0 0 0 0 0 
0 13191 3233 428 3 0 0 0 0 0 0 0 0 0 0 0 0 0 0 0 
0 194481 66932 12845 701 0 0 0 0 0 0 0 0 0 0 0 0 0 0 0 
0 197404 63300 9245 239 0 0 0 0 0 0 0 0 0 0 0 0 0 0 0 
0 207163 54134 4813 5 0 0 0 0 0 0 0 0 0 0 0 0 0 0 0 
0 372909 90589 4168 0 0 0 0 0 0 0 0 0 0 0 0 0 0 0 0 
0 65726 18628 972 0 0 0 0 0 0 0 0 0 0 0 0 0 0 0 0 
0 196288 51383 6307 26 0 0 0 0 0 0 0 0 0 0 0 0 0 0 0 
