0 336968 230741 73548 3046 0 0 0 0 0 0 0 0 0 0 0 0 0 0 0 
0 665563 389752 157262 9684 1 0 0 0 0 0 0 0 0 0 0 0 0 0 0 
0 188678 89086 25860 2407 32 0 0 0 0 0 0 0 0 0 0 0 0 0 0 
0 76764 48858 18130 3134 58 0 0 0 0 0 0 0 0 0 0 0 0 0 0 
0 10290 5887 248 0 0 0 0 0 0 0 0 0 0 0 0 0 0 0 0 
0 245997 211111 12316 0 0 0 0 0 0 0 0 0 0 0 0 0 0 0 0 
0 357046 285352 7455 0 0 0 0 0 0 0 0 0 0 0 0 0 0 0 0 
0 376210 304314 7556 0 0 0 0 0 0 0 0 0 0 0 0 0 0 0 0 
0 156064 105548 50990 11562 766 0 0 0 0 0 0 0 0 0 0 0 0 0 0 
0 403403 285817 122345 45094 5575 0 0 0 0 0 0 0 0 0 0 0 0 0 0 
0 422613 291883 127355 11505 7 0 0 0 0 0 0 0 0 0 0 0 0 0 0 
0 534298 345005 168819 34648 783 0 0 0 0 0 0 0 0 0 0 0 0 0 0 
0 535426 375401 270729 68955 4321 0 0 0 0 0 0 0 0 0 0 0 0 0 0 
0 773940 588723 409385 164225 18602 0 0 0 0 0 0 0 0 0 0 0 0 0 0 
0 303779 231086 130401 31800 3952 6 0 0 0 0 0 0 0 0 0 0 0 0 0 
0 151925 82627 30208 1251 7 0 0 0 0 0 0 0 0 0 0 0 0 0 0 
0 144791 91726 36151 8378 249 0 0 0 0 0 0 0 0 0 0 0 0 0 0 
0 154219 93094 35628 6106 3 0 0 0 0 0 0 0 0 0 0 0 0 0 0 
0 72216 50826 43984 9763 20 0 0 0 0 0 0 0 0 0 0 0 0 0 0 
0 189849 125230 93502 30449 2943 0 0 0 0 0 0 0 0 0 0 0 0 0 0 
0 0 0 0 0 0 0 0 0 0 0 0 0 0 0 0 0 0 0 0 
0 0 0 0 0 0 0 0 0 0 0 0 0 0 0 0 0 0 0 0 
0 0 0 0 0 0 0 0 0 0 0 0 0 0 0 0 0 0 0 0 
0 0 0 0 0 0 0 0 0 0 0 0 0 0 0 0 0 0 0 0 
0 0 0 0 0 0 0 0 0 0 0 0 0 0 0 0 0 0 0 0 
0 26 3 0 0 0 0 0 0 0 0 0 0 0 0 0 0 0 0 0 
0 26 3 0 0 0 0 0 0 0 0 0 0 0 0 0 0 0 0 0 
0 0 0 0 0 0 0 0 0 0 0 0 0 0 0 0 0 0 0 0 
0 0 0 0 0 0 0 0 0 0 0 0 0 0 0 0 0 0 0 0 
0 0 0 0 0 0 0 0 0 0 0 0 0 0 0 0 0 0 0 0 
0 0 0 0 0 0 0 0 0 0 0 0 0 0 0 0 0 0 0 0 
0 0 0 0 0 0 0 0 0 0 0 0 0 0 0 0 0 0 0 0 
0 265331 167506 142498 91181 33171 356 0 0 0 0 0 0 0 0 0 0 0 0 0 
0 708786 556460 451421 256212 10517 0 0 0 0 0 0 0 0 0 0 0 0 0 0 
0 929439 675071 482433 143817 1065 0 0 0 0 0 0 0 0 0 0 0 0 0 0 
0 33009 20480 10217 2175 184 0 0 0 0 0 0 0 0 0 0 0 0 0 0 
0 575910 453802 305111 177457 43691 0 0 0 0 0 0 0 0 0 0 0 0 0 0 
0 254174 176538 100797 30183 2576 0 0 0 0 0 0 0 0 0 0 0 0 0 0 
0 430907 266843 118722 27519 1903 0 0 0 0 0 0 0 0 0 0 0 0 0 0 
0 58601 22842 10176 2254 58 0 0 0 0 0 0 0 0 0 0 0 0 0 0 
0 236630 173381 134969 45100 1890 0 0 0 0 0 0 0 0 0 0 0 0 0 0 
0 318407 188932 131947 35800 1697 0 0 0 0 0 0 0 0 0 0 0 0 0 0 
0 52718 21893 10096 1188 0 0 0 0 0 0 0 0 0 0 0 0 0 0 0 
0 357591 230309 150864 40502 815 0 0 0 0 0 0 0 0 0 0 0 0 0 0 
0 7533 5277 2558 765 24 0 0 0 0 0 0 0 0 0 0 0 0 0 0 
0 14519 10319 4806 1112 45 0 0 0 0 0 0 0 0 0 0 0 0 0 0 
0 28836 13305 4183 833 0 0 0 0 0 0 0 0 0 0 0 0 0 0 0 
0 6208 3185 1171 241 0 0 0 0 0 0 0 0 0 0 0 0 0 0 0 
0 19157 6757 152 0 0 0 0 0 0 0 0 0 0 0 0 0 0 0 0 
0 60990 25008 4717 58 0 0 0 0 0 0 0 0 0 0 0 0 0 0 0 
0 1469 577 240 27 6 0 0 0 0 0 0 0 0 0 0 0 0 0 0 
0 2085 1592 473 26 0 0 0 0 0 0 0 0 0 0 0 0 0 0 0 
0 22835 18379 11690 4836 260 1 0 0 0 0 0 0 0 0 0 0 0 0 0 
0 37701 31451 21148 6579 263 0 0 0 0 0 0 0 0 0 0 0 0 0 0 
0 100539 61460 43058 18706 2505 0 0 0 0 0 0 0 0 0 0 0 0 0 0 
0 56474 39921 18198 6556 1271 0 0 0 0 0 0 0 0 0 0 0 0 0 0 
0 211973 128931 85130 33143 5385 141 0 0 0 0 0 0 0 0 0 0 0 0 0 
0 76597 44189 21202 6073 403 3 0 0 0 0 0 0 0 0 0 0 0 0 0 
0 32927 22203 7608 1667 3 0 0 0 0 0 0 0 0 0 0 0 0 0 0 
0 144130 80985 22494 2911 0 0 0 0 0 0 0 0 0 0 0 0 0 0 0 
0 693 0 0 0 0 0 0 0 0 0 0 0 0 0 0 0 0 0 0 
0 790 0 0 0 0 0 0 0 0 0 0 0 0 0 0 0 0 0 0 
0 785 0 0 0 0 0 0 0 0 0 0 0 0 0 0 0 0 0 0 
0 421 0 0 0 0 0 0 0 0 0 0 0 0 0 0 0 0 0 0 
0 3574806 2464604 1444863 415776 51447 173 0 0 0 0 0 0 0 0 0 0 0 0 0 
0 4137937 2967516 1846544 443711 34266 103 0 0 0 0 0 0 0 0 0 0 0 0 0 
0 4034969 3000856 1749130 338107 26643 41 0 0 0 0 0 0 0 0 0 0 0 0 0 
0 3662881 2482443 1258197 285650 22845 497 0 0 0 0 0 0 0 0 0 0 0 0 0 
