0 782247 413683 141367 17211 528 0 0 0 0 0 0 0 0 0 0 0 0 0 0 
0 2262185 1380628 488592 35323 145 0 0 0 0 0 0 0 0 0 0 0 0 0 0 
0 1483502 1017372 415903 28603 2 0 0 0 0 0 0 0 0 0 0 0 0 0 0 
0 393562 240048 72710 9732 492 20 0 0 0 0 0 0 0 0 0 0 0 0 0 
0 782247 413683 141367 17211 528 0 0 0 0 0 0 0 0 0 0 0 0 0 0 
0 2262185 1380628 488592 35323 145 0 0 0 0 0 0 0 0 0 0 0 0 0 0 
0 1483502 1017372 415903 28603 2 0 0 0 0 0 0 0 0 0 0 0 0 0 0 
0 393562 240048 72710 9732 492 20 0 0 0 0 0 0 0 0 0 0 0 0 0 
0 1083172 800884 84253 22677 181 0 0 0 0 0 0 0 0 0 0 0 0 0 0 
0 980105 651581 267196 58626 607 0 0 0 0 0 0 0 0 0 0 0 0 0 0 
0 158320 40566 6353 420 0 0 0 0 0 0 0 0 0 0 0 0 0 0 0 
0 1534313 1287349 67499 400 0 0 0 0 0 0 0 0 0 0 0 0 0 0 0 
0 1459180 978777 479936 74598 1454 0 0 0 0 0 0 0 0 0 0 0 0 0 0 
0 1724252 1212715 575189 129771 11558 0 0 0 0 0 0 0 0 0 0 0 0 0 0 
0 899909 560496 174827 35734 3556 0 0 0 0 0 0 0 0 0 0 0 0 0 0 
0 1167284 760935 338758 72920 4266 0 0 0 0 0 0 0 0 0 0 0 0 0 0 
0 384078 201723 73630 5032 63 0 0 0 0 0 0 0 0 0 0 0 0 0 0 
0 1056054 747801 369095 96215 14058 18 0 0 0 0 0 0 0 0 0 0 0 0 0 
0 1511957 1170085 844549 329396 34340 0 0 0 0 0 0 0 0 0 0 0 0 0 0 
0 841559 560113 397771 81845 2741 0 0 0 0 0 0 0 0 0 0 0 0 0 0 
0 416284 249630 113441 25770 2058 0 0 0 0 0 0 0 0 0 0 0 0 0 0 
0 670908 438025 322184 97159 7335 0 0 0 0 0 0 0 0 0 0 0 0 0 0 
0 857747 582164 346293 84514 224 0 0 0 0 0 0 0 0 0 0 0 0 0 0 
0 509603 313879 120840 26066 842 0 0 0 0 0 0 0 0 0 0 0 0 0 0 
0 49282 20546 4032 212 0 0 0 0 0 0 0 0 0 0 0 0 0 0 0 
0 191420 73358 13135 2231 459 18 0 0 0 0 0 0 0 0 0 0 0 0 0 
0 236804 91781 1920 125 13 0 0 0 0 0 0 0 0 0 0 0 0 0 0 
0 399 68 0 0 0 0 0 0 0 0 0 0 0 0 0 0 0 0 0 
0 1068517 690950 291784 51672 2812 0 0 0 0 0 0 0 0 0 0 0 0 0 0 
0 2230079 1642456 917994 226205 14790 0 0 0 0 0 0 0 0 0 0 0 0 0 0 
0 1526380 1040025 569003 192879 18094 0 0 0 0 0 0 0 0 0 0 0 0 0 0 
0 1277248 879222 446100 114535 6444 0 0 0 0 0 0 0 0 0 0 0 0 0 0 
0 158091 60559 15875 1197 2 0 0 0 0 0 0 0 0 0 0 0 0 0 0 
0 15295 7660 1995 164 0 0 0 0 0 0 0 0 0 0 0 0 0 0 0 
0 0 0 0 0 0 0 0 0 0 0 0 0 0 0 0 0 0 0 0 
0 0 0 0 0 0 0 0 0 0 0 0 0 0 0 0 0 0 0 0 
0 314145 190572 107342 22170 801 0 0 0 0 0 0 0 0 0 0 0 0 0 0 
0 1620861 1246882 925472 349907 8403 0 0 0 0 0 0 0 0 0 0 0 0 0 0 
0 815399 566838 456582 286230 12532 0 0 0 0 0 0 0 0 0 0 0 0 0 0 
0 700716 425299 334980 209260 74276 825 0 0 0 0 0 0 0 0 0 0 0 0 0 
0 387485 200159 77158 14431 1038 0 0 0 0 0 0 0 0 0 0 0 0 0 0 
0 1143105 751371 466545 161951 14767 0 0 0 0 0 0 0 0 0 0 0 0 0 0 
0 176181 86980 39689 12113 1552 0 0 0 0 0 0 0 0 0 0 0 0 0 0 
0 999033 768067 465978 260542 61450 0 0 0 0 0 0 0 0 0 0 0 0 0 0 
0 706070 452720 291010 77031 1318 0 0 0 0 0 0 0 0 0 0 0 0 0 0 
0 204936 99966 48915 13297 692 0 0 0 0 0 0 0 0 0 0 0 0 0 0 
0 1039096 713293 526116 156943 8208 0 0 0 0 0 0 0 0 0 0 0 0 0 0 
0 596628 357759 254577 49669 1450 0 0 0 0 0 0 0 0 0 0 0 0 0 0 
0 201395 126354 54520 11613 338 0 0 0 0 0 0 0 0 0 0 0 0 0 0 
0 151688 66079 16200 3214 200 0 0 0 0 0 0 0 0 0 0 0 0 0 0 
0 309030 123769 24278 2226 0 0 0 0 0 0 0 0 0 0 0 0 0 0 0 
0 146203 62193 15367 2908 0 0 0 0 0 0 0 0 0 0 0 0 0 0 0 
0 63203 44152 18047 1907 71 0 0 0 0 0 0 0 0 0 0 0 0 0 0 
0 61415 26344 6324 716 2 0 0 0 0 0 0 0 0 0 0 0 0 0 0 
0 99459 37848 8244 2551 297 0 0 0 0 0 0 0 0 0 0 0 0 0 0 
0 187752 63202 6393 41 0 0 0 0 0 0 0 0 0 0 0 0 0 0 0 
0 124261 70551 28474 9866 1892 0 0 0 0 0 0 0 0 0 0 0 0 0 0 
0 223194 141410 94613 42895 6411 0 0 0 0 0 0 0 0 0 0 0 0 0 0 
0 292360 225204 144013 44776 1445 0 0 0 0 0 0 0 0 0 0 0 0 0 0 
0 57828 31504 16334 5092 1146 46 0 0 0 0 0 0 0 0 0 0 0 0 0 
0 213277 121589 34790 4677 55 2 0 0 0 0 0 0 0 0 0 0 0 0 0 
0 182095 107105 38627 9473 228 0 0 0 0 0 0 0 0 0 0 0 0 0 0 
0 228106 116871 43801 13815 1033 18 0 0 0 0 0 0 0 0 0 0 0 0 0 
0 532442 322119 208697 80328 13996 409 0 0 0 0 0 0 0 0 0 0 0 0 0 
0 2544404 1725583 981833 232433 17089 0 0 0 0 0 0 0 0 0 0 0 0 0 0 
0 2776885 1749733 1363619 579723 101545 0 0 0 0 0 0 0 0 0 0 0 0 0 0 
0 1804874 1201805 815346 252468 27785 0 0 0 0 0 0 0 0 0 0 0 0 0 0 
0 2891566 2031934 1071543 259332 20362 8 0 0 0 0 0 0 0 0 0 0 0 0 0 
0 9279831 6984392 4360061 1094615 98317 512 0 0 0 0 0 0 0 0 0 0 0 0 0 
0 11080413 7858707 4221383 794573 51814 51 0 0 0 0 0 0 0 0 0 0 0 0 0 
0 9273987 6146583 3230224 884264 82546 1361 0 0 0 0 0 0 0 0 0 0 0 0 0 
0 7612059 5409323 3137694 596949 43618 0 0 0 0 0 0 0 0 0 0 0 0 0 0 
